1
106
213
318
421
536
628
725
837
948
1039
1126
1242
1318
1409
1502
1593
1709
1808
1895
1988
2060
2160
2250
2351
2441
2538
2642
2753
2862
2967
3061
3159
3267
3380
3491
3581
3686
3783
3888
3998
4104
4188
4279
4379
4481
4581
4673
4775
4891
4976
5064
5163
5268
5377
5466
5569
5666
5775
5878
5977
6080
6184
6294
6394
6507
6600
6708
6805
6914
7027
7144
7240
7324
7414
7528
7624
7734
7831
7928
8042
8160
8255
8387
8492
8583
8685
8786
8874
8989
9092
9201
9304
9406
9513
9611
9706
9792
9881
9980
10080
10170
10266
10352
10458
10579
10683
10775
10869
10986
11100
11198
11292
11400
11502
11612
11710
11810
11900
11973
12092
12196
12285
12384
12490
12581
12684
12794
12893
13009
13106
13227
13338
13440
13524
13639
13733
13834
13949
14051
14153
14266
14358
14470
14573
14669
14767
14872
14980
15090
15190
15291
15385
15473
15561
15675
15774
15867
15979
16085
16187
16279
16372
16462
16561
16660
16752
16859
16959
17049
17165
17258
17352
17456
17552
17644
17765
17861
17963
18062
18155
18240
18343
18441
18544
18640
18747
18851
18976
19068
19164
19266
19362
19453
19555
19637
19740
19825
19912
20026
20114
20231
20346
20441
20548
20647
20731
20826
20924
21034
21118
21221
21320
21449
21560
21660
21771
21853
21933
22041
22155
22256
22349
22461
22558
22660
22775
22871
22975
23069
23162
23247
23342
23455
23559
23649
23771
23860
23951
24048
24158
24278
24376
24471
24575
24677
24775
24875
24970
25074
25181
25268
25368
25457
25563
25675
25766
25857
25967
26065
26178
26289
26372
26464
26552
26652
26766
26875
26993
27097
27206
27310
27396
27499
27605
27713
27825
27919
28014
28119
28214
28315
28429
28518
28630
28748
28856
28948
29037
29135
29232
29323
29419
29532
29632
29738
29840
29935
30032
30131
30224
30320
30421
30526
30611
30707
30796
30905
31008
31096
31195
31304
31404
31503
31589
31698
31807
31912
32023
32117
32204
32321
32432
32510
32585
32684
32784
32889
32991
33100
33193
33289
33388
33498
33610
33712
33822
33900
33993
34104
34206
34299
34423
34516
34622
34736
34835
34940
35033
35131
35242
35348
35444
35559
35670
35772
35867
35972
36069
36164
36258
36344
36438
36556
36676
36769
36869
36982
37081
37171
37277
37382
37486
37579
37695
37814
37897
37999
38105
38195
38301
38405
38504
38592
38701
38809
38914
39021
39114
39216
39322
39425
39541
39656
39757
39869
39972
40088
40169
40283
40383
40490
40580
40686
40774
40878
40988
41099
41210
41331
41437
41536
41626
41728
41832
41943
42041
42143
42249
42344
42447
42544
42639
42738
42836
42954
43051
43147
43249
43350
43455
43552
43638
43722
43821
43906
44006
44119
44229
44327
44429
44522
44610
44698
44788
44883
44976
45082
45184
45312
45405
45506
45611
45713
45814
45892
45996
46090
46178
46293
46396
46510
46612
46705
46820
46921
47020
47131
47238
47331
47436
47537
47644
47774
47879
47976
48087
48164
48261
48382
48495
48594
48698
48785
48889
48984
49086
49169
49260
49349
49446
49535
49613
49721
49823
49933
50026
50142
50246
50347
50447
50541
50641
50743
50845
50940
51025
51124
51236
51343
51439
51535
51642
51721
51823
51910
52007
52104
52214
52307
52403
52488
52577
52689
52796
52900
52997
53099
53202
53300
53408
53502
53592
53696
53790
53899
53984
54067
54167
54260
54357
54456
54572
54675
54778
54873
54971
55067
55158
55256
55367
55481
55578
55685
55809
55904
56015
56101
56197
56310
56394
56490
56588
56672
56773
56878
56969
57074
57193
57290
57389
57491
57591
57693
57787
57872
57954
58071
58153
58263
58361
58458
58563
58670
58778
58872
58965
59058
59170
59270
59362
59473
59580
59684
59788
59896
60005
60130
60223
60336
60425
60521
60623
60702
60813
60913
61011
61100
61207
61321
61414
61507
61602
61708
61805
61902
62000
62114
62204
62294
62379
62482
62585
62679
62785
62891
63015
63114
63226
63339
63441
63535
63627
63733
63830
63937
64037
64119
64236
64332
64437
64538
64644
64747
64837
64934
65035
65128
65222
65314
65401
65501
65605
65701
65809
65901
66000
66109
66199
66284
66363
66466
66569
66664
66763
66869
66975
67067
67160
67253
67375
67467
67549
67655
67758
67849
67958
68076
68187
68282
68374
68469
68568
68668
68762
68856
68962
69082
69183
69283
69384
69484
69575
69679
69781
69888
69980
70088
70196
70297
70388
70484
70576
70691
70804
70916
71017
71114
71209
71306
71412
71524
71601
71695
71808
71907
72006
72110
72219
72343
72446
72556
72666
72788
72904
72999
73093
73206
73293
73392
73503
73585
73705
73800
73905
74016
74106
74212
74300
74384
74494
74602
74699
74798
74897
74994
75097
75186
75291
75376
75474
75564
75649
75756
75849
75948
76035
76137
76244
76359
76459
76570
76664
76771
76862
76957
77038
77127
77217
77316
77419
77522
77623
77725
77824
77921
78034
78133
78219
78318
78403
78506
78614
78730
78842
78948
79055
79165
79256
79348
79455
79557
79663
79757
79853
79951
80040
80142
80246
80351
80451
80554
80657
80763
80851
80947
81059
81153
81265
81359
81452
81547
81664
81760
81857
81966
82061
82162
82260
82345
82453
82565
82660
82755
82844
82938
83051
83149
83269
83370
83483
83590
83675
83781
83891
83991
84102
84200
84298
84404
84518
84632
84731
84845
84953
85045
85152
85246
85344
85450
85556
85656
85774
85874
85979
86080
86180
86273
86381
86458
86570
86653
86777
86896
87008
87111
87219
87331
87428
87529
87629
87739
87856
87957
88051
88146
88243
88340
88428
88542
88644
88739
88832
88915
89023
89114
89225
89332
89417
89526
89620
89734
89832
89922
90033
90143
90237
90328
90430
90553
90647
90757
90856
90963
91067
91174
91261
91375
91471
91569
91655
91760
91873
91951
92059
92163
92279
92382
92470
92555
92664
92777
92870
92970
93070
93157
93249
93360
93461
93556
93661
93765
93844
93944
94046
94143
94242
94333
94440
94543
94647
94736
94841
94944
95061
95160
95261
95378
95488
95568
95667
95757
95843
95943
96041
96114
96212
96298
96403
96493
96604
96706
96803
96909
97012
97103
97181
97270
97342
97440
97550
97637
97744
97833
97920
98025
98117
98229
98330
98421
98526
98629
98720
98833
98928
99029
99138
99235
99335
99441
99536
99633
99722
99828
99930
100030
100120
100224
100307
100426
100528
100630
100719
100812
100931
101028
101134
101237
101327
101426
101531
101625
101736
101847
101940
102042
102127
102242
102362
102449
102574
102689
102776
102876
102977
103083
103169
103265
103360
103462
103565
103656
103757
103849
103951
104049
104144
104231
104332
104430
104536
104642
104753
104863
104974
105066
105187
105290
105379
105468
105553
105630
105722
105830
105923
106027
106153
106260
106367
106451
106547
106662
106773
106864
106969
107069
107162
107249
107334
107416
107509
107611
107715
107810
107914
108009
108114
108225
108327
108431
108528
108608
108700
108803
108889
108994
109092
109185
109289
109386
109496
109603
109690
109801
109894
110007
110110
110208
110303
110421
110510
110608
110719
110834
110935
111046
111154
111245
111343
111436
111546
111634
111743
111852
111967
112065
112176
112272
112375
112477
112582
112683
112780
112896
112988
113075
113175
113304
113408
113508
113598
113687
113788
113882
113987
114091
114190
114287
114406
114501
114603
114696
114811
114912
115024
115121
115215
115317
115413
115508
115604
115722
115827
115919
116024
116117
116209
116310
116397
116476
116586
116690
116782
116869
116963
117058
117145
117254
117364
117477
117594
117707
117790
117887
117996
118098
118210
118312
118393
118509
118604
118693
118801
118914
119010
119102
119203
119282
119376
119471
119580
119682
119785
119871
119973
120058
120162
120241
120333
120431
120537
120617
120726
120833
120925
121015
121108
121225
121321
121433
121542
121642
121731
121827
121928
122019
122103
122192
122305
122408
122519
122626
122722
122835
122928
123039
123124
123216
123310
123408
123513
123618
123700
123803
123913
124023
124126
124217
124312
124393
124476
124575
124677
124788
124905
125008
125118
125221
125324
125439
125539
125627
125742
125836
125949
126054
126157
126276
126384
126474
126595
126699
126797
126909
127010
127102
127204
127324
127411
127505
127600
127702
127805
127899
128003
128110
128212
128298
128393
128493
128596
128697
128796
128883
128959
129056
129144
129238
129345
129453
129569
129662
129772
129869
129957
130053
130157
130252
130347
130438
130522
130652
130738
130849
130969
131076
131164
131250
131348
131452
131556
131645
131749
131855
131955
132054
132152
132254
132356
132464
132566
132656
132750
132867
132961
133042
133152
133252
133346
133459
133547
133655
133774
133883
133989
134088
134189
134277
134385
134496
134590
134697
134800
134896
134997
135088
135180
135277
135377
135465
135569
135673
135783
135880
135966
136082
136190
136279
136378
136473
136571
136667
136761
136855
136957
137032
137131
137208
137319
137426
137538
137648
137745
137858
137951
138033
138159
138242
138336
138433
138533
138621
138727
138841
138944
139039
139121
139214
139315
139427
139520
139607
139697
139807
139897
139989
140101
140191
140290
140389
140470
140556
140658
140751
140861
140968
141071
141164
141276
141390
141482
141574
141671
141765
141869
141970
142086
142187
142300
142396
142475
142585
142680
142796
142902
143013
143102
143194
143279
143381
143490
143581
143678
143775
143889
143992
144093
144194
144284
144394
144479
144577
144685
144788
144895
144989
145091
145191
145291
145405
145504
145620
145712
145812
145908
145989
146087
146189
146281
146386
146492
146602
146714
146805
146897
146984
147072
147173
147271
147375
147485
147593
147701
147791
147897
147975
148070
148156
148279
148377
148479
148583
148684
148770
148865
148958
149055
149155
149232
149327
149442
149524
149633
149713
149821
149923
150008
150090
150182
150306
150418
150524
150642
150735
150844
150928
151034
151132
151235
151333
151429
151517
151606
151701
151805
151919
152023
152126
152236
152322
152423
152516
152598
152683
152792
152900
152997
153113
153202
153303
153405
153503
153616
153719
153827
153919
154017
154116
154225
154325
154424
154517
154618
154711
154792
154884
154970
155075
155182
155277
155375
155471
155562
155653
155749
155834
155950
156048
156146
156247
156348
156450
156541
156641
156734
156829
156944
157055
157173
157276
157393
157513
157619
157727
157831
157914
158008
158108
158212
158329
158432
158526
158639
158741
158836
158939
159038
159144
159242
159324
159424
159542
159643
159734
159839
159933
160031
160128
160229
160329
160439
160540
160647
160750
160864
160946
161034
161124
161218
161312
161396
161504
161611
161720
161817
161908
162013
162105
162207
162309
162401
162488
162576
162665
162777
162878
162979
163086
163186
163268
163369
163470
163561
163648
163762
163867
163964
164066
164169
164276
164405
164492
164603
164695
164795
164880
164987
165073
165168
165268
165356
165455
165564
165658
165751
165836
165937
166033
166123
166227
166329
166433
166550
166656
166756
166853
166942
167048
167148
167233
167335
167447
167547
167644
167717
167833
167920
168003
168118
168223
168325
168421
168516
168613
168708
168809
168889
168981
169088
169201
169300
169418
169513
169612
169703
169817
169925
170031
170144
170250
170355
170440
170550
170647
170740
170839
170945
171042
171140
171224
171325
171434
171511
171613
171708
171812
171925
172018
172105
172213
172305
172417
172525
172629
172745
172838
172951
173060
173167
173266
173367
173475
173580
173679
173773
173880
173972
174079
174165
174253
174354
174451
174544
174665
174768
174873
174975
175076
175174
175284
175396
175489
175589
175686
175778
175879
176008
176111
176219
176331
176427
176535
176651
176761
176869
176961
177065
177171
177272
177358
177457
177581
177680
177791
177875
177972
178074
178155
178277
178376
178498
178600
178698
178779
178878
178989
179089
179199
179309
179383
179490
179586
179684
179800
179889
180005
180103
180193
180296
180393
180493
180576
180682
180783
180869
180972
181063
181169
181265
181352
181460
181570
181641
181734
181837
181949
182044
182143
182253
182355
182451
182561
182659
182756
182869
182969
183068
183160
183269
183362
183465
183565
183681
183783
183885
183988
184080
184176
184285
184370
184470
184580
184667
184759
184853
184962
185075
185190
185291
185394
185496
185577
185673
185787
185879
185985
186094
186186
186267
186364
186458
186551
186646
186735
186847
186940
187038
187133
187223
187324
187414
187519
187627
187724
187816
187921
188028
188123
188219
188319
188418
188533
188624
188731
188835
188935
189017
189114
189202
189307
189411
189518
189621
189724
189828
189915
190003
190098
190196
190309
190413
190504
190606
190704
190783
190866
190975
191072
191186
191290
191387
191485
191590
191687
191788
191868
191976
192084
192204
192317
192420
192524
192652
192751
192849
192960
193045
193153
193252
193349
193455
193551
193643
193747
193830
193919
194026
194109
194215
194329
194441
194542
194624
194713
194822
194914
195027
195111
195200
195320
195412
195521
195628
195731
195830
195933
196034
196128
196212
196309
196413
196508
196608
196702
196795
196909
197020
197114
197227
197321
197424
197533
197620
197718
197811
197901
198007
198100
198174
198262
198366
198473
198551
198655
198750
198847
198955
199049
199153
199231
199326
199411
199502
199603
199705
199801
199900
200006
200111
200196
200287
200386
200472
200557
200659
200758
200858
200954
201053
201162
201265
201361
201460
201578
201684
201776
201881
201990
202073
202169
202287
202381
202474
202569
202652
202758
202865
202976
203070
203169
203270
203349
203447
203539
203643
203748
203843
203959
204056
204178
204273
204357
204468
204558
204660
204764
204868
204992
205098
205209
205301
205403
205502
205611
205714
205818
205920
206014
206108
206195
206296
206389
206499
206605
206722
206815
206900
207002
207096
207194
207288
207392
207496
207595
207703
207820
207911
208018
208122
208216
208315
208410
208517
208641
208750
208861
208959
209065
209163
209260
209348
209439
209532
209635
209743
209832
209928
210026
210117
210227
210350
210457
210550
210633
210740
210847
210941
211040
211139
211233
211337
211435
211525
211618
211708
211795
211874
211967
212080
212169
212264
212353
212444
212558
212648
212758
212858
212950
213054
213157
213260
213350
213453
213546
213644
213747
213852
213944
214054
214150
214266
214382
214496
214592
214697
214790
214897
214997
215096
215211
215316
215408
215517
215643
215738
215831
215921
216031
216143
216236
216316
216421
216514
216620
216725
216823
216918
217009
217115
217208
217302
217402
217504
217591
217686
217790
217891
217986
218075
218177
218289
218400
218518
218637
218751
218854
218950
219062
219160
219268
219359
219459
219553
219666
219775
219882
219987
220082
220169
220277
220362
220466
220568
220679
220775
220881
220989
221088
221182
221273
221375
221480
221574
221660
221758
221873
221965
222063
222159
222267
222376
222467
222538
222636
222743
222822
222916
223015
223099
223193
223299
223405
223509
223604
223701
223795
223890
223980
224072
224165
224271
224360
224465
224569
224680
224781
224876
224997
225107
225209
225316
225413
225502
225616
225713
225808
225908
226023
226138
226251
226347
226448
226552
226654
226760
226859
226940
227033
227143
227252
227349
227455
227552
227657
227754
227869
227968
228049
228154
228244
228326
228433
228548
228663
228749
228850
228959
229054
229166
229263
229348
229450
229556
229645
229744
229829
229930
230032
230127
230231
230323
230413
230512
230629
230728
230822
230910
231011
231116
231194
231281
231376
231483
231583
231680
231782
231892
231976
232084
232172
232258
232354
232445
232547
232634
232735
232836
232923
233011
233102
233218
233304
233412
233501
233591
233698
233806
233901
233995
234118
234228
234335
234445
234558
234651
234758
234826
234950
235058
235154
235254
235346
235447
235549
235636
235736
235844
235944
236037
236132
236227
236336
236417
236510
236604
236712
236828
236937
237029
237131
237227
237328
237421
237512
237608
237720
237819
237890
237988
238060
238155
238253
238363
238451
238560
238663
238759
238857
238937
239036
239156
239274
239364
239463
239563
239668
239767
239871
239960
240085
240188
240277
240377
240466
240566
240678
240771
240856
240962
241063
241169
241263
241356
241465
241558
241648
241748
241872
241977
242075
242189
242281
242385
242488
242604
242709
242806
242908
242991
243097
243185
243298
243380
243477
243577
243687
243793
243916
244016
244117
244227
244324
244412
244518
244611
244735
244825
244934
245045
245135
245245
245345
245464
245585
245685
245781
245878
245979
246063
246168
246254
246368
246464
246552
246651
246752
246857
246961
247069
247169
247267
247356
247452
247543
247659
247767
247866
247962
248061
248159
248259
248356
248455
248560
248663
248765
248857
248961
249067
249148
249252
249347
249454
249556
249653
249744
249837
249921
250037
250127
250255
250364
250472
250580
250678
250781
250882
250995
251098
251196
251292
251393
251497
251611
251709
251806
251943
252047
252149
252233
252330
252435
252543
252638
252730
252816
252899
253006
253101
253211
253314
253426
253510
253607
253699
253800
253902
253992
254078
254164
254268
254366
254478
254590
254698
254786
254869
254960
255045
255131
255230
255336
255455
255549
255639
255747
255837
255961
256070
256158
256246
256337
256450
256550
256662
256763
256845
256954
257060
257157
257249
257355
257483
257575
257675
257788
257878
257985
258088
258192
258291
258373
258466
258563
258671
258772
258850
258948
259054
259159
259265
259366
259483
259584
259684
259788
259899
259998
260108
260212
260295
260392
260508
260610
260709
260806
260905
261017
261103
261190
261303
261402
261508
261595
261690
261789
261895
261986
262095
262197
262283
262371
262470
262555
262635
262738
262819
262924
263016
263129
263226
263344
263456
263569
263669
263775
263896
264001
264105
264199
264284
264381
264474
264574
264674
264772
264860
264965
265077
265174
265273
265358
265460
265551
265642
265747
265851
265955
266039
266133
266219
266328
266427
266521
266615
266729
266835
266938
267044
267152
267254
267340
267449
267544
267635
267734
267838
267954
268040
268134
268237
268339
268434
268549
268656
268774
268883
268989
269104
269207
269301
269404
269516
269622
269729
269826
269944
270058
270162
270272
270369
270462
270574
270679
270774
270861
270950
271051
271161
271271
271349
271441
271537
271644
271746
271853
271953
272067
272174
272290
272397
272488
272597
272684
272796
272905
272992
273092
273187
273307
273398
273500
273597
273694
273806
273901
273993
274082
274170
274291
274374
274468
274573
274678
274780
274883
274981
275082
275180
275269
275360
275446
275539
275655
275743
275842
275949
276048
276152
276260
276369
276463
276568
276672
276777
276862
276954
277056
277168
277262
277356
277443
277533
277628
277725
277801
277908
278011
278121
278220
278311
278407
278512
278610
278723
278820
278920
279028
279146
279261
279365
279458
279552
279673
279772
279880
279986
280079
280170
280274
280379
280474
280575
280673
280754
280849
280953
281040
281140
281234
281340
281421
281511
281626
281725
281832
281933
282032
282145
282244
282356
282459
282554
282654
282772
282868
282990
283101
283215
283320
283418
283521
283603
283702
283800
283886
283999
284106
284239
284334
284437
284529
284628
284720
284829
284926
285017
285108
285203
285293
285406
285520
285609
285707
285789
285904
286003
286107
286206
286316
286424
286528
286615
286725
286834
286932
287024
287130
287221
287318
287389
287482
287571
287652
287748
287835
287938
288020
288111
288206
288300
288404
288513
288606
288720
288820
288912
288996
289100
289203
289305
289413
289522
289615
289722
289813
289909
290009
290114
290217
290305
290403
290502
290610
290709
290799
290891
290997
291103
291211
291320
291422
291513
291607
291713
291816
291901
292019
292115
292202
292315
292409
292498
292592
292702
292809
292909
293005
293110
293221
293316
293432
293530
293632
293724
293824
293930
294022
294118
294223
294305
294393
294499
294604
294703
294803
294888
295001
295111
295201
295309
295395
295497
295578
295681
295782
295890
295983
296091
296179
296254
296344
296436
296526
296628
296720
296838
296945
297040
297128
297232
297329
297454
297552
297652
297758
297856
297955
298042
298131
298227
298336
298443
298526
298642
298741
298821
298911
299022
299117
299217
299324
299430
299529
299628
299720
299822
299932
300029
300111
300203
300297
300388
300484
300579
300677
300785
300881
300972
301087
301181
301288
301382
301484
301571
301665
301766
301854
301965
302066
302171
302272
302366
302462
302577
302680
302788
302889
302987
303071
303179
303265
303363
303474
303576
303669
303779
303876
303969
304064
304145
304244
304337
304429
304540
304655
304735
304831
304945
305056
305152
305268
305372
305499
305579
305679
305765
305890
305988
306097
306211
306317
306419
306530
306628
306724
306843
306949
307050
307163
307255
307364
307456
307557
307656
307748
307849
307958
308047
308129
308222
308332
308421
308504
308579
308683
308779
308879
309007
309105
309193
309294
309373
309465
309553
309644
309749
309837
309932
310032
310126
310217
310315
310409
310511
310613
310709
310804
310904
310999
311091
311186
311288
311390
311483
311578
311674
311783
311873
311970
312065
312169
312265
312353
312458
312570
312675
312771
312883
312978
313084
313203
313301
313384
313479
313575
313670
313782
313870
313958
314049
314151
314248
314333
314431
314525
314619
314707
314805
314895
314990
315094
315196
315295
315402
315500
315606
315697
315806
315886
315969
316057
316162
316261
316358
316457
316558
316664
316775
316877
317011
317122
317206
317294
317391
317486
317588
317683
317804
317921
318008
318105
318188
318285
318392
318502
318597
318705
318810
318918
319002
319106
319201
319280
319388
319486
319593
319699
319786
319879
319968
320072
320179
320276
320373
320491
320593
320703
320787
320879
320995
321087
321190
321288
321399
321509
321607
321706
321815
321914
322013
322104
322199
322296
322386
322481
322590
322687
322789
322881
322980
323083
323177
323288
323387
323494
323604
323714
323819
323918
324027
324120
324203
324290
324399
324496
324606
324721
324854
324971
325072
325175
325266
325363
325458
325552
325635
325739
325845
325946
326050
326134
326238
326340
326423
326540
326627
326723
326826
326931
327027
327107
327200
327283
327396
327505
327605
327719
327831
327932
328024
328125
328235
328334
328417
328515
328603
328707
328796
328899
329007
329108
329198
329288
329384
329494
329598
329695
329800
329895
330004
330109
330210
330313
330405
330490
330585
330691
330782
330893
330973
331087
331194
331296
331393
331504
331599
331709
331808
331908
331987
332070
332168
332259
332373
332453
332556
332640
332731
332837
332941
333046
333152
333234
333323
333421
333527
333631
333737
333836
333939
334040
334139
334235
334323
334415
334525
334622
334713
334816
334921
335019
335160
335270
335367
335461
335565
335672
335773
335867
335979
336072
336185
336293
336392
336490
336594
336698
336807
336923
337024
337106
337202
337296
337376
337474
337574
337672
337776
337865
337966
338063
338175
338282
338377
338467
338558
338667
338757
338867
338953
339053
339157
339262
339390
339474
339580
339671
339780
339886
340000
340088
340171
340270
340374
340481
340564
340661
340759
340844
340931
341041
341139
341233
341336
341428
341527
341623
341726
341812
341926
342020
342110
342207
342302
342400
342497
342595
342701
342792
342897
342999
343117
343223
343306
343406
343496
343588
343680
343778
343877
343963
344058
344150
344252
344348
344450
344555
344655
344746
344844
344939
345029
345125
345232
345330
345431
345533
345629
345727
345824
345909
345996
346099
346173
346274
346375
346484
346586
346691
346802
346913
347023
347120
347232
347327
347443
347539
347633
347722
347839
347949
348048
348140
348229
348327
348425
348532
348623
348730
348830
348936
349028
349118
349229
349343
349460
349571
349678
349775
349894
350001
350094
350194
350286
350380
350474
350566
350648
350745
350858
350946
351061
351149
351248
351350
351437
351552
351647
351739
351839
351930
352016
352106
352214
352322
352430
352531
352634
352733
352842
352931
353018
353123
353217
353309
353396
353496
353604
353698
353804
353904
354016
354116
354219
354316
354405
354494
354589
354694
354802
354892
354991
355095
355196
355274
355379
355479
355568
355662
355769
355866
355984
356074
356169
356280
356379
356470
356576
356664
356762
356867
356970
357058
357149
357252
357341
357439
357534
357643
357744
357854
357963
358073
358168
358281
358377
358470
358562
358667
358776
358885
358986
359088
359182
359273
359376
359483
359596
359704
359804
359919
360025
360122
360227
360327
360446
360535
360638
360740
360853
360961
361065
361149
361239
361336
361422
361514
361604
361701
361825
361936
362032
362149
362246
362359
362443
362544
362652
362768
362864
362940
363048
363166
363273
363367
363484
363601
363706
363821
363912
364003
364111
364225
364317
364444
364538
364641
364743
364838
364915
365020
365112
365204
365308
365391
365484
365574
365652
365748
365854
365947
366050
366169
366273
366394
366484
366582
366678
366769
366847
366947
367045
367149
367260
367346
367432
367511
367613
367719
367826
367935
368034
368136
368230
368316
368432
368539
368625
368721
368833
368930
369048
369150
369248
369342
369445
369546
369639
369729
369819
369917
370010
370108
370211
370296
370416
370515
370606
370698
370798
370895
370984
371064
371172
371269
371368
371475
371574
371672
371779
371859
371959
372070
372163
372273
372369
372475
372564
372658
372758
372850
372952
373060
373172
373258
373358
373442
373545
373643
373732
373847
373947
374069
374182
374284
374374
374467
374570
374664
374762
374869
374990
375092
375190
375276
375386
375481
375569
375679
375786
375890
375999
376085
376182
376278
376371
376470
376575
376659
376762
376855
376947
377058
377164
377260
377349
377436
377526
377617
377717
377815
377907
377993
378088
378179
378278
378367
378484
378575
378671
378776
378895
379005
379103
379222
379339
379417
379525
379634
379749
379850
379954
380062
380161
380268
380365
380465
380562
380661
380746
380841
380939
381041
381137
381238
381333
381435
381534
381634
381734
381836
381933
382024
382109
382198
382304
382398
382494
382585
382679
382774
382875
382985
383091
383215
383328
383423
383533
383634
383744
383852
383945
384036
384140
384232
384345
384438
384546
384639
384724
384830
384948
385035
385128
385227
385308
385407
385507
385608
385706
385802
385908
386003
386097
386185
386272
386382
386481
386582
386666
386783
386889
386991
387078
387166
387263
387368
387474
387573
387673
387769
387867
387959
388062
388154
388247
388364
388467
388557
388665
388744
388845
388942
389033
389145
389238
389341
389457
389546
389630
389744
389841
389932
390029
390126
390238
390327
390442
390545
390650
390746
390848
390965
391051
391159
391248
391365
391453
391558
391647
391747
391846
391962
392065
392163
392262
392380
392470
392577
392684
392779
392876
392993
393082
393177
393265
393366
393469
393558
393639
393740
393819
393901
393996
394093
394185
394288
394386
394484
394595
394680
394789
394886
394989
395078
395169
395254
395345
395433
395525
395624
395732
395837
395938
396034
396116
396228
396343
396448
396569
396661
396753
396851
396946
397050
397172
397244
397336
397427
397521
397616
397721
397828
397926
398011
398123
398210
398315
398393
398493
398584
398693
398795
398888
398981
399066
399162
399256
399357
399459
399558
399642
399761
399860
399977
400083
400183
400291
400381
400505
400608
400723
400820
400911
401044
401150
401240
401350
401461
401567
401677
401772
401867
401970
402060
402148
402244
402343
402448
402543
402634
402732
402846
402936
403017
403129
403230
403356
403477
403593
403691
403779
403870
403965
404081
404192
404297
404395
404497
404606
404691
404803
404914
405006
405103
405215
405315
405420
405510
405614
405704
405806
405898
406017
406115
406210
406311
406424
406513
406618
406712
406804
406925
407025
407141
407244
407336
407434
407534
407617
407717
407834
407925
408012
408100
408186
408280
408389
408483
408590
408698
408787
408873
408988
409104
409210
409283
409396
409512
409604
409704
409811
409915
410004
410109
410207
410312
410415
410508
410620
410721
410847
410934
411025
411112
411216
411309
411410
411514
411614
411733
411845
411933
412034
412132
412227
412327
412437
412555
412652
412745
412850
412948
413063
413165
413276
413367
413468
413574
413669
413777
413874
413952
414047
414139
414241
414356
414450
414557
414669
414749
414846
414935
415039
415128
415228
415309
415405
415511
415599
415689
415787
415881
415992
416106
416206
416304
416403
416499
416614
416706
416808
416907
417002
417123
417235
417327
417424
417526
417607
417716
417805
417888
417973
418051
418148
418250
418344
418454
418549
418650
418746
418848
418950
419057
419160
419283
419392
419468
419570
419670
419765
419855
419952
420057
420157
420255
420360
420472
420555
420656
420757
420861
420965
421062
421171
421278
421392
421504
421619
421721
421808
421904
421999
422100
422192
422301
422397
422493
422602
422688
422779
422878
422985
423093
423189
423284
423369
423488
423557
423638
423723
423827
423936
424040
424141
424243
424326
424430
424531
424627
424720
424817
424925
425032
425154
425256
425352
425443
425538
425646
425760
425862
425968
426063
426171
426264
426388
426481
426580
426687
426792
426880
426989
427090
427177
427269
427367
427462
427541
427639
427753
427862
427967
428064
428145
428269
428372
428465
428584
428693
428781
428872
428972
429069
429176
429275
429370
429457
429558
429662
429772
429894
429993
430085
430172
430280
430393
430487
430581
430680
430770
430873
430982
431081
431205
431299
431422
431516
431636
431731
431837
431944
432055
432149
432238
432332
432418
432537
432625
432736
432829
432932
433044
433165
433273
433375
433488
433580
433680
433789
433885
433974
434088
434190
434304
434402
434507
434592
434686
434781
434899
434987
435075
435161
435257
435362
435446
435533
435643
435743
435836
435941
436038
436153
436267
436358
436462
436552
436646
436744
436837
436931
437037
437143
437255
437356
437462
437563
437671
437768
437873
437967
438058
438180
438275
438371
438480
438583
438680
438770
438855
438951
439041
439128
439239
439331
439435
439530
439639
439738
439833
439935
440045
440150
440250
440348
440455
440573
440661
440774
440873
440969
441061
441158
441265
441363
441453
441560
441638
441747
441869
441988
442101
442198
442298
442379
442479
442569
442696
442799
442884
442987
443096
443208
443304
443396
443528
443627
443719
443808
443923
444012
444118
444201
444300
444411
444525
444627
444721
444832
444936
445039
445139
445250
445359
445455
445565
445670
445766
445859
445950
446049
446141
446229
446329
446428
446524
446633
446739
446844
446934
447043
447145
447228
447324
447427
447531
447638
447726
447827
447924
448046
448152
448242
448341
448433
448515
448613
448716
448818
448910
449005
449094
449205
449309
449421
449516
449619
449737
449838
449941
450053
450135
450257
450365
450464
450558
450674
450781
450894
450986
451093
451190
451276
451381
451485
451577
451669
451759
451854
451952
452045
452137
452236
452339
452448
452560
452669
452764
452852
452963
453071
453167
453257
453369
453473
453573
453667
453773
453876
453970
454083
454168
454273
454354
454443
454551
454629
454738
454809
454920
455016
455118
455215
455317
455407
455516
455622
455717
455792
455901
455997
456094
456210
456290
456391
456502
456590
456708
456799
456889
456986
457085
457188
457297
457404
457516
457619
457721
457805
457902
458001
458110
458199
458297
458398
458501
458593
458678
458770
458868
458976
459077
459201
459311
459419
459538
459625
459723
459807
459929
460028
460136
460235
460333
460426
460527
460626
460710
460810
460892
460987
461093
461204
461305
461408
461504
461605
461685
461781
461874
461977
462073
462162
462259
462358
462454
462563
462665
462771
462868
462965
463053
463156
463264
463347
463442
463525
463613
463703
463820
463929
464035
464116
464226
464340
464427
464526
464631
464744
464842
464947
465044
465142
465233
465323
465421
465516
465615
465713
465809
465902
466001
466090
466190
466295
466392
466496
466584
466675
466767
466867
466964
467073
467176
467293
467391
467494
467582
467697
467805
467923
468022
468128
468221
468309
468402
468504
468608
468704
468787
468888
468994
469110
469206
469295
469400
469495
469582
469688
469790
469893
470014
470111
470213
470305
470413
470518
470619
470726
470835
470933
471022
471107
471219
471331
471419
471521
471607
471704
471801
471915
472011
472133
472240
472350
472436
472536
472619
472711
472796
472878
472994
473087
473191
473297
473385
473477
473573
473664
473754
473850
473943
474054
474166
474283
474386
474488
474588
474667
474770
474870
474971
475081
475178
475268
475374
475482
475570
475693
475786
475884
475987
476076
476161
476253
476341
476441
476544
476674
476786
476887
476979
477098
477207
477310
477402
477483
477592
477695
477789
477885
477985
478072
478164
478260
478354
478456
478563
478636
478737
478837
478929
479030
479127
479222
479335
479423
479530
479623
479733
479834
479957
480061
480165
480261
480358
480453
480534
480636
480747
480823
480947
481026
481145
481239
481332
481425
481511
481609
481707
481806
481926
482037
482135
482229
482335
482438
482532
482633
482716
482807
482892
482992
483093
483193
483296
483390
483470
483561
483659
483752
483853
483954
484053
484146
484252
484338
484435
484527
484630
484726
484834
484925
485026
485116
485191
485284
485364
485447
485557
485652
485755
485846
485928
486043
486145
486260
486367
486454
486554
486656
486765
486877
486958
487049
487158
487267
487366
487460
487586
487674
487775
487863
487961
488047
488162
488265
488368
488466
488571
488670
488770
488877
488994
489105
489194
489303
489402
489509
489608
489692
489777
489877
489980
490090
490175
490271
490372
490474
490582
490671
490767
490866
490974
491057
491169
491282
491384
491492
491603
491699
491797
491901
491998
492092
492185
492277
492363
492459
492558
492658
492759
492863
492961
493047
493161
493260
493362
493455
493539
493647
493752
493847
493942
494038
494116
494227
494314
494408
494505
494583
494691
494786
494896
494991
495088
495188
495302
495391
495495
495613
495701
495779
495886
496004
496108
496207
496313
496420
496536
496625
496719
496816
496921
497015
497126
497212
497319
497429
497536
497631
497734
497837
497946
498041
498144
498258
498350
498448
498549
498668
498774
498860
498957
499036
499144
499261
499356
499448
499539
499647
499744
499848
499968
500065
500175
500298
500385
500474
500582
500685
500787
500867
500975
501074
501168
501252
501347
501455
501554
501639
501749
501846
501940
502035
502117
502210
502302
502406
502511
502626
502720
502818
502911
503007
503100
503193
503283
503389
503485
503576
503675
503774
503858
503944
504061
504166
504273
504374
504470
504579
504665
504755
504861
504959
505045
505148
505263
505366
505487
505599
505700
505818
505925
506034
506148
506257
506351
506436
506539
506649
506752
506855
506944
507046
507137
507233
507329
507440
507547
507641
507749
507865
507946
508028
508124
508223
508329
508428
508508
508606
508708
508800
508900
508986
509090
509188
509316
509408
509502
509608
509715
509804
509916
510007
510104
510216
510316
510419
510518
510626
510723
510821
510938
511049
511151
511242
511312
511437
511541
511660
511748
511838
511952
512049
512147
512240
512323
512423
512523
512626
512727
512836
512929
513034
513117
513208
513294
513374
513463
513558
513651
513767
513882
513988
514095
514176
514251
514340
514435
514545
514651
514746
514847
514937
515011
515107
515206
515288
515406
515477
515599
515693
515792
515878
515994
516103
516207
516312
516400
516506
516603
516706
516780
516865
516962
517053
517153
517250
517350
517431
517517
517609
517714
517814
517910
518026
518137
518241
518340
518454
518573
518670
518764
518864
518964
519070
519162
519266
519368
519462
519546
519644
519749
519862
519962
520053
520145
520249
520328
520430
520530
520619
520718
520811
520907
521007
521101
521205
521293
521401
521493
521583
521699
521805
521912
522008
522095
522195
522293
522394
522494
522579
522678
522781
522870
522968
523056
523157
523251
523361
523452
523555
523651
523754
523860
523982
524064
524162
524275
524392
524494
524582
524674
524785
524891
524997
525085
525177
525278
525392
525491
525591
525709
525804
525887
525993
526087
526197
526299
526410
526500
526603
526704
526817
526926
527046
527138
527227
527326
527431
527550
527638
527742
527829
527925
528032
528125
528227
528313
528396
528500
528597
528709
528813
528896
528990
529073
529168
529270
529345
529465
529573
529663
529770
529860
529944
530032
530119
530205
530329
530431
530515
530621
530714
530813
530906
531010
531100
531197
531297
531400
531515
531599
531699
531793
531907
532009
532115
532200
532296
532414
532528
532606
532696
532790
532880
532975
533087
533172
533268
533368
533475
533566
533675
533765
533845
533938
534066
534174
534263
534377
534498
534596
534717
534842
534960
535059
535154
535232
535323
535435
535536
535655
535748
535842
535942
536046
536162
536259
536373
536476
536581
536679
536787
536865
536980
537078
537172
537268
537372
537468
537558
537687
537808
537912
538030
538123
538226
538318
538417
538504
538605
538721
538819
538893
538985
539084
539180
539277
539380
539492
539578
539683
539782
539871
539968
540052
540157
540261
540361
540448
540548
540642
540746
540825
540929
541048
541149
541259
541358
541445
541537
541643
541747
541853
541958
542048
542127
542244
542340
542437
542532
542628
542717
542812
542939
543030
543126
543250
543383
543474
543581
543671
543753
543862
543954
544065
544183
544283
544379
544471
544582
544675
544769
544879
544969
545059
545167
545267
545384
545476
545582
545681
545792
545878
545974
546080
546191
546298
546401
546511
546616
546708
546810
546909
547005
547116
547213
547307
547429
547531
547612
547714
547817
547897
547998
548088
548172
548273
548370
548463
548543
548642
548744
548854
548962
549047
549142
549247
549341
549437
549567
549674
549782
549869
549974
550080
550179
550298
550388
550486
550599
550697
550794
550885
550977
551074
551164
551258
551352
551458
551566
551667
551780
551876
551985
552079
552174
552273
552383
552488
552603
552712
552819
552901
553004
553116
553211
553323
553429
553537
553633
553737
553841
553939
554038
554136
554246
554344
554448
554532
554658
554771
554865
554957
555047
555150
555242
555343
555425
555498
555580
555672
555753
555844
555944
556043
556151
556246
556344
556449
556548
556652
556741
556837
556929
557041
557132
557225
557339
557445
557538
557648
557754
557841
557940
558029
558113
558202
558304
558407
558498
558607
558698
558783
558887
558982
559068
559175
559260
559360
559450
559552
559654
559764
559851
559944
560041
560141
560231
560331
560432
560515
560618
560709
560813
560925
561026
561118
561220
561331
561437
561537
561625
561740
561843
561930
562021
562131
562236
562351
562462
562559
562654
562760
562868
562969
563078
563182
563284
563381
563478
563574
563666
563778
563877
563987
564088
564185
564282
564377
564488
564569
564675
564779
564870
564977
565087
565177
565270
565354
565466
565545
565646
565734
565820
565941
566047
566127
566221
566316
566422
566533
566637
566742
566840
566935
567035
567130
567256
567342
567453
567543
567638
567743
567845
567957
568059
568157
568258
568340
568465
568576
568676
568787
568876
568979
569068
569172
569274
569376
569486
569593
569688
569788
569881
569979
570085
570172
570274
570389
570505
570624
570719
570814
570916
571014
571112
571212
571312
571422
571523
571653
571750
571837
571933
572012
572120
572218
572315
572418
572518
572599
572699
572798
572903
573013
573107
573214
573320
573426
573531
573604
573710
573804
573914
574024
574116
574242
574351
574459
574567
574653
574754
574850
574960
575059
575155
575253
575362
575455
575540
575648
575745
575858
575961
576065
576183
576275
576374
576468
576572
576672
576779
576887
576981
577080
577173
577299
577405
577501
577611
577715
577824
577916
578016
578108
578213
578304
578388
578501
578598
578689
578795
578892
578991
579103
579204
579292
579396
579484
579610
579699
579793
579874
579970
580064
580169
580291
580397
580479
580581
580684
580790
580902
581001
581101
581207
581314
581419
581517
581617
581710
581797
581910
582020
582115
582232
582344
582462
582563
582660
582755
582876
582965
583083
583191
583302
583403
583520
583614
583722
583811
583925
584022
584128
584239
584339
584444
584522
584612
584728
584824
584909
584998
585083
585190
585307
585403
585505
585608
585710
585837
585930
586033
586131
586235
586322
586417
586517
586635
586749
586861
586964
587068
587171
587284
587381
587456
587532
587612
587704
587802
587915
588014
588121
588230
588319
588421
588509
588614
588718
588820
588917
589004
589110
589239
589347
589453
589562
589654
589762
589854
589967
590062
590165
590266
590372
590497
590604
590700
590801
590885
590996
591112
591222
591315
591404
591505
591611
591710
591823
591931
592030
592140
592253
592363
592453
592542
592645
592736
592832
592949
593054
593145
593244
593337
593440
593532
593626
593729
593828
593935
594036
594134
594235
594338
594453
594552
594659
594763
594853
594964
595067
595179
595287
595387
595514
595623
595741
595845
595959
596076
596191
596284
596369
596469
596581
596669
596760
596840
596948
597050
597139
597248
597365
597452
597547
597657
597750
597842
597947
598034
598124
598229
598331
598416
598511
598596
598702
598804
598888
598981
599089
599188
599273
599394
599503
599611
599729
599834
599944
600046
600152
600261
600341
600428
600521
600627
600720
600832
600942
601037
601144
601240
601340
601443
601545
601652
601757
601863
601971
602068
602187
602280
602372
602473
602567
602672
602769
602872
602977
603076
603200
603317
603422
603533
603633
603727
603814
603923
604021
604112
604212
604321
604421
604512
604590
604695
604791
604903
605010
605101
605206
605292
605397
605483
605588
605674
605756
605850
605950
606042
606136
606251
606340
606433
606548
606627
606729
606838
606925
607026
607122
607225
607322
607425
607512
607615
607711
607826
607922
608025
608120
608212
608302
608403
608488
608583
608691
608802
608909
608996
609097
609189
609280
609381
609481
609573
609669
609765
609872
609972
610081
610173
610288
610412
610514
610601
610683
610786
610883
610992
611085
611202
611303
611407
611506
611594
611695
611775
611878
611967
612061
612146
612224
612325
612425
612523
612635
612726
612833
612927
613026
613138
613247
613358
613463
613556
613642
613738
613855
613951
614042
614154
614255
614350
614447
614555
614659
614766
614872
614995
615084
615192
615303
615400
615516
615620
615721
615808
615911
615998
616106
616209
616326
616421
616524
616633
616740
616837
616957
617046
617137
617242
617338
617448
617553
617656
617751
617838
617943
618057
618143
618267
618356
618466
618548
618669
618772
618878
618973
619073
619173
619272
619366
619479
619572
619689
619782
619871
619962
620056
620151
620252
620364
620457
620548
620653
620742
620849
620964
621055
621152
621233
621316
621415
621512
621613
621714
621827
621926
622007
622111
622205
622310
622429
622536
622620
622727
622844
622938
623047
623151
623265
623363
623469
623573
623662
623760
623878
623973
624066
624167
624275
624364
624447
624531
624632
624729
624825
624924
625032
625128
625225
625313
625403
625492
625579
625701
625809
625916
626013
626122
626226
626323
626431
626523
626626
626730
626826
626925
627018
627110
627204
627292
627401
627485
627580
627680
627784
627876
627961
628062
628175
628284
628374
628485
628589
628682
628785
628889
628975
629068
629181
629267
629388
629476
629580
629691
629803
629893
630025
630109
630201
630291
630392
630493
630594
630700
630794
630877
630971
631081
631190
631294
631401
631499
631584
631702
631798
631908
631997
632096
632185
632278
632378
632477
632571
632674
632783
632878
632964
633077
633183
633275
633389
633488
633589
633694
633804
633921
634015
634107
634225
634326
634417
634516
634628
634731
634831
634924
635013
635109
635203
635305
635393
635504
635607
635699
635805
635913
636018
636106
636188
636301
636392
636486
636577
636683
636773
636890
636985
637099
637202
637306
637410
637502
637625
637745
637838
637916
638023
638124
638234
638324
638425
638533
638638
638719
638832
638920
639027
639122
639239
639343
639446
639538
639656
639756
639851
639947
640058
640162
640237
640346
640449
640567
640682
640798
640920
641024
641130
641239
641328
641418
641537
641631
641748
641842
641942
642031
642137
642237
642336
642443
642545
642641
642745
642834
642931
643037
643132
643249
643360
643449
643552
643663
643777
643870
643954
644040
644150
644278
644381
644486
644574
644664
644756
644833
644941
645029
645116
645210
645301
645396
645509
645617
645704
645811
645889
645978
646076
646190
646277
646378
646467
646564
646649
646736
646845
646963
647051
647158
647259
647361
647479
647585
647698
647789
647882
647969
648074
648170
648276
648370
648478
648571
648676
648774
648868
648970
649064
649154
649252
649334
649417
649521
649618
649723
649814
649914
649994
650103
650196
650308
650404
650526
650622
650726
650837
650929
651018
651133
651237
651328
651433
651521
651618
651729
651833
651921
652002
652105
652218
652318
652412
652530
652624
652725
652841
652952
653063
653185
653285
653389
653481
653588
653692
653786
653893
653999
654119
654219
654316
654400
654492
654577
654681
654794
654902
654990
655077
655188
655280
655358
655464
655559
655657
655759
655862
655970
656083
656184
656282
656374
656482
656595
656687
656784
656871
656980
657084
657192
657286
657397
657494
657592
657698
657792
657890
657984
658087
658173
658275
658357
658450
658552
658650
658748
658849
658953
659055
659161
659252
659369
659480
659569
659676
659777
659859
659963
660067
660170
660276
660366
660467
660560
660663
660768
660868
660963
661067
661162
661268
661364
661465
661559
661664
661775
661860
661948
662048
662164
662271
662362
662466
662569
662657
662744
662855
662956
663033
663132
663225
663308
663414
663519
663633
663723
663826
663940
664041
664143
664241
664336
664442
664531
664614
664707
664812
664905
664984
665091
665187
665292
665405
665493
665614
665726
665836
665940
666031
666122
666234
666331
666412
666526
666629
666713
666802
666899
667004
667101
667189
667293
667391
667482
667586
667682
667772
667863
667962
668049
668167
668269
668361
668456
668534
668625
668728
668837
668938
669044
669166
669279
669381
669472
669575
669667
669779
669878
669972
670067
670167
670278
670367
670472
670566
670680
670786
670882
670989
671081
671180
671267
671361
671439
671540
671644
671731
671828
671923
672030
672128
672220
672336
672426
672523
672638
672735
672841
672931
673031
673134
673234
673349
673450
673542
673647
673752
673845
673943
674041
674146
674228
674323
674421
674527
674617
674729
674836
674929
675029
675108
675215
675315
675404
675499
675606
675716
675813
675905
676004
676101
676211
676314
676420
676518
676617
676717
676813
676918
677033
677141
677226
677337
677438
677524
677620
677726
677827
677925
678029
678128
678213
678319
678434
678539
678651
678754
678856
678960
679063
679154
679253
679365
679462
679578
679661
679773
679883
679978
680087
680197
680285
680391
680493
680594
680692
680796
680879
680979
681093
681191
681281
681369
681461
681575
681669
681771
681893
681994
682066
682159
682282
682394
682490
682583
682682
682783
682878
682990
683106
683211
683324
683440
683544
683630
683725
683829
683925
684037
684134
684241
684335
684431
684530
684631
684722
684828
684936
685041
685154
685245
685343
685436
685541
685643
685741
685833
685930
686025
686115
686236
686334
686436
686506
686619
686709
686803
686901
687021
687112
687224
687339
687434
687539
687636
687752
687860
687977
688098
688186
688289
688372
688479
688568
688676
688791
688899
689011
689097
689194
689303
689404
689512
689617
689719
689823
689922
690011
690114
690207
690303
690411
690501
690601
690701
690768
690876
690966
691069
691176
691283
691375
691470
691593
691713
691821
691931
692039
692152
692259
692370
692493
692585
692674
692778
692881
692978
693088
693205
693319
693416
693510
693621
693715
693815
693917
694014
694104
694195
694297
694394
694496
694591
694688
694793
694892
694979
695089
695179
695282
695369
695464
695572
695669
695765
695873
695961
696059
696172
696279
696372
696469
696576
696676
696774
696901
697002
697108
697198
697288
697390
697481
697582
697690
697808
697903
698015
698116
698221
698314
698420
698514
698617
698736
698838
698933
699019
699127
699221
699319
699412
699517
699622
699718
699829
699934
700015
700124
700229
700323
700425
700531
700638
700751
700844
700958
701051
701175
701273
701365
701469
701581
701697
701787
701869
701975
702055
702144
702236
702343
702441
702525
702636
702745
702851
702943
703034
703130
703246
703371
703463
703559
703664
703758
703843
703950
704044
704143
704235
704338
704435
704532
704619
704721
704808
704906
705002
705094
705213
705327
705428
705543
705649
705758
705854
705963
706061
706163
706265
706364
706462
706582
706682
706797
706886
706995
707092
707201
707287
707390
707491
707582
707693
707784
707866
707966
708072
708170
708285
708382
708467
708554
708637
708732
708842
708940
709048
709143
709223
709321
709417
709500
709599
709691
709782
709878
709974
710074
710174
710278
710384
710491
710606
710681
710773
710861
710960
711046
711128
711228
711321
711417
711509
711633
711743
711855
711950
712046
712154
712262
712354
712447
712538
712622
712714
712817
712918
713016
713100
713182
713272
713373
713467
713576
713664
713775
713890
713968
714063
714167
714260
714353
714471
714573
714661
714775
714894
714991
715093
715208
715304
715401
715481
715579
715683
715767
715863
715971
716067
716147
716241
716340
716455
716573
716672
716781
716883
716991
717076
717176
717273
717369
717460
717573
717669
717775
717872
717971
718075
718172
718267
718369
718489
718587
718721
718809
718912
719017
719116
719231
719342
719444
719550
719652
719755
719852
719938
720040
720120
720213
720316
720416
720512
720605
720697
720797
720895
720987
721095
721187
721293
721376
721474
721572
721659
721759
721857
721966
722071
722183
722304
722401
722496
722586
722687
722789
722897
722991
723101
723181
723274
723356
723455
723551
723656
723743
723845
723952
724071
724162
724261
724362
724458
724555
724652
724755
724857
724946
725031
725128
725214
725301
725406
725500
725593
725702
725805
725924
726039
726143
726257
726372
726484
726576
726678
726776
726887
726979
727066
727184
727267
727396
727507
727621
727713
727828
727931
728046
728145
728236
728335
728429
728528
728633
728733
728844
728911
729015
729098
729194
729301
729379
729468
729561
729670
729753
729859
729941
730044
730159
730265
730369
730467
730574
730680
730788
730900
731007
731100
731193
731306
731397
731509
731613
731690
731804
731909
732010
732110
732187
732283
732394
732501
732604
732717
732825
732911
733012
733113
733206
733289
733383
733472
733582
733682
733776
733856
733960
734050
734143
734262
734360
734466
734566
734691
734788
734882
734976
735099
735194
735296
735392
735486
735580
735677
735767
735859
735966
736075
736158
736255
736363
736472
736571
736666
736765
736875
736971
737069
737169
737285
737369
737464
737557
737672
737769
737872
737966
738062
738167
738278
738369
738465
738577
738663
738778
738879
738989
739092
739186
739273
739382
739490
739575
739704
739799
739897
739987
740069
740161
740263
740359
740466
740574
740662
740761
740869
740966
741062
741168
741268
741364
741467
741585
741679
741774
741872
741979
742079
742178
742284
742385
742471
742576
742670
742771
742851
742950
743049
743175
743266
743366
743472
743570
743670
743763
743862
743984
744085
744171
744283
744385
744475
744572
744660
744773
744857
744950
745059
745141
745242
745332
745438
745538
745644
745740
745844
745943
746034
746122
746213
746310
746410
746495
746616
746697
746795
746895
747002
747099
747202
747292
747400
747503
747602
747725
747815
747924
748035
748142
748237
748343
748448
748556
748656
748772
748879
748982
749094
749201
749299
749389
749493
749590
749706
749804
749884
749987
750085
750174
750268
750366
750482
750585
750677
750786
750887
750990
751077
751164
751257
751360
751459
751554
751652
751751
751844
751941
752034
752123
752226
752327
752419
752530
752624
752729
752823
752922
753019
753121
753219
753302
753391
753473
753578
753665
753760
753866
753970
754066
754130
754209
754333
754438
754537
754624
754721
754816
754927
755027
755131
755223
755316
755414
755512
755614
755715
755813
755911
756008
756103
756226
756333
756434
756533
756631
756729
756816
756917
756998
757099
757202
757300
757381
757481
757592
757692
757806
757926
758030
758123
758220
758340
758443
758545
758643
758744
758835
758931
759014
759137
759239
759322
759422
759514
759599
759694
759799
759905
760003
760096
760197
760290
760382
760460
760564
760660
760753
760840
760928
761034
761122
761217
761308
761401
761509
761624
761721
761821
761927
762034
762130
762250
762359
762461
762586
762692
762796
762895
762996
763092
763205
763305
763396
763503
763603
763703
763798
763897
764002
764108
764216
764315
764417
764509
764621
764724
764829
764930
765029
765105
765196
765292
765393
765502
765608
765712
765820
765913
766007
766118
766204
766300
766407
766511
766616
766710
766816
766927
767024
767129
767224
767343
767433
767547
767653
767751
767849
767936
768048
768139
768248
768359
768448
768533
768636
768739
768834
768931
769026
769138
769239
769365
769446
769582
769685
769771
769864
769967
770095
770190
770303
770400
770510
770604
770706
770820
770917
771016
771128
771233
771348
771439
771542
771627
771724
771802
771906
772009
772104
772206
772294
772401
772501
772624
772714
772816
772912
773002
773100
773191
773281
773376
773489
773576
773677
773791
773885
773979
774077
774168
774267
774370
774472
774582
774711
774801
774913
775004
775124
775250
775364
775481
775584
775679
775781
775884
775995
776085
776203
776308
776401
776511
776601
776698
776803
776911
777032
777141
777266
777346
777450
777556
777674
777780
777876
777968
778081
778196
778287
778387
778484
778586
778704
778803
778900
779028
779146
779251
779344
779455
779549
779652
779729
779836
779942
780028
780131
780232
780329
780412
780538
780661
780755
780860
780956
781055
781154
781242
781331
781430
781535
781644
781743
781855
781957
782059
782178
782286
782388
782500
782611
782698
782823
782936
783042
783131
783241
783347
783436
783528
783620
783705
783809
783895
783997
784102
784204
784320
784405
784504
784620
784701
784802
784883
784975
785072
785181
785282
785381
785476
785564
785650
785731
785824
785915
786009
786120
786222
786306
786408
786521
786621
786727
786827
786945
787061
787152
787254
787355
787446
787525
787633
787740
787844
787937
788039
788133
788254
788367
788475
788585
788696
788806
788907
789014
789117
789231
789332
789451
789541
789637
789724
789830
789947
790052
790178
790275
790386
790467
790595
790698
790811
790927
791028
791126
791221
791330
791433
791520
791617
791740
791825
791922
792030
792127
792210
792310
792407
792493
792595
792701
792805
792900
793004
793129
793237
793360
793453
793541
793652
793742
793836
793942
794048
794151
794243
794336
794420
794538
794642
794745
794839
794950
795051
795164
795272
795373
795458
795562
795661
795763
795861
795945
796059
796143
796255
796347
796446
796539
796625
796714
796806
796899
797008
797122
797207
797313
797402
797510
797611
797724
797836
797937
798029
798138
798239
798343
798451
798546
798643
798754
798854
798956
799046
799134
799220
799312
799401
799498
799605
799722
799811
799917
799999
800099
800212
800309
800392
800473
800585
800674
800780
800876
800962
801062
801170
801266
801353
801453
801549
801651
801757
801867
801968
802086
802178
802271
802352
802463
802572
802669
802779
802878
802972
803076
803154
803253
803361
803477
803570
803670
803774
803855
803964
804051
804155
804262
804349
804455
804543
804652
804758
804859
804960
805064
805186
805297
805394
805495
805567
805652
805760
805871
805974
806058
806153
806265
806374
806470
806568
806661
806779
806893
806984
807082
807185
807292
807382
807455
807557
807654
807750
807849
807948
808050
808134
808230
808331
808420
808510
808619
808731
808828
808917
809030
809127
809226
809317
809418
809539
809651
809748
809847
809941
810041
810139
810226
810342
810432
810539
810643
810744
810836
810966
811072
811181
811279
811373
811457
811579
811681
811780
811880
811971
812076
812173
812280
812376
812480
812573
812660
812746
812848
812941
813033
813135
813252
813355
813480
813585
813681
813765
813853
813932
814012
814119
814210
814301
814408
814496
814612
814701
814779
814879
814977
815089
815187
815280
815379
815481
815581
815685
815789
815872
815972
816069
816184
816296
816407
816479
816568
816666
816756
816857
816952
817044
817136
817238
817324
817442
817538
817636
817739
817843
817937
818061
818163
818264
818348
818442
818538
818641
818732
818835
818929
819042
819144
819245
819354
819440
819525
819623
819723
819817
819910
820003
820110
820196
820314
820405
820500
820593
820677
820783
820878
820975
821077
821176
821286
821397
821500
821599
821705
821807
821909
822001
822116
822213
822327
822409
822501
822598
822686
822786
822876
822965
823064
823157
823267
823367
823474
823560
823647
823756
823863
823989
824076
824173
824264
824360
824468
824569
824661
824750
824867
824975
825061
825170
825269
825352
825453
825547
825636
825739
825862
825972
826079
826188
826277
826365
826476
826582
826689
826778
826867
826956
827058
827153
827251
827364
827458
827557
827668
827762
827869
827956
828057
828173
828263
828373
828479
828570
828659
828759
828860
828955
829051
829159
829263
829357
829445
829554
829655
829750
829861
829958
830058
830163
830262
830359
830457
830541
830642
830741
830837
830939
831044
831139
831243
831342
831443
831560
831661
831746
831828
831925
832022
832132
832231
832309
832405
832514
832605
832703
832816
832937
833032
833128
833214
833303
833395
833497
833588
833693
833790
833891
834003
834116
834208
834298
834389
834502
834598
834692
834806
834914
835017
835103
835226
835305
835415
835529
835633
835737
835847
835935
836015
836125
836237
836341
836445
836538
836640
836744
836851
836961
837067
837164
837249
837351
837450
837546
837669
837763
837858
837946
838066
838173
838284
838398
838488
838591
838677
838782
838874
838970
839047
839128
839227
839327
839427
839531
839635
839749
839850
839957
840048
840155
840243
840344
840460
840577
840676
840770
840866
840984
841066
841160
841252
841340
841425
841525
841612
841701
841796
841896
842007
842123
842224
842310
842432
842528
842619
842730
842822
842907
843016
843113
843198
843293
843379
843473
843602
843716
843817
843913
844014
844105
844196
844295
844407
844515
844621
844747
844862
844952
845043
845148
845245
845360
845456
845558
845658
845782
845868
845958
846035
846141
846231
846332
846424
846533
846633
846739
846841
846935
847049
847144
847243
847353
847451
847546
847643
847742
847846
847940
848048
848143
848261
848360
848445
848545
848637
848736
848824
848943
849049
849157
849249
849340
849441
849542
849630
849730
849831
849934
850018
850113
850233
850324
850431
850535
850637
850740
850829
850930
851033
851140
851251
851340
851443
851534
851659
851769
851853
851957
852052
852143
852259
852339
852454
852539
852629
852730
852827
852922
853019
853126
853247
853344
853450
853544
853646
853739
853840
853931
854042
854135
854233
854344
854447
854562
854687
854774
854896
854979
855066
855164
855260
855360
855448
855551
855652
855748
855844
855942
856044
856138
856234
856318
856426
856518
856619
856719
856820
856941
857031
857125
857219
857315
857397
857491
857596
857704
857816
857926
858039
858144
858251
858348
858455
858554
858667
858773
858884
859001
859107
859190
859286
859395
859517
859602
859696
859797
859894
859985
860074
860170
860269
860374
860485
860586
860675
860778
860876
860969
861056
861155
861241
861339
861438
861522
861628
861725
861828
861928
862016
862107
862227
862334
862438
862527
862632
862728
862835
862959
863079
863155
863235
863339
863433
863535
863645
863760
863854
863936
864038
864134
864244
864350
864445
864544
864639
864740
864831
864915
865001
865107
865200
865298
865383
865479
865576
865674
865774
865876
865978
866082
866189
866308
866420
866518
866609
866682
866794
866896
866998
867102
867208
867289
867377
867467
867584
867680
867781
867886
867973
868083
868177
868276
868380
868485
868580
868679
868776
868873
868965
869060
869177
869266
869377
869457
869559
869672
869769
869881
869991
870096
870220
870308
870401
870514
870621
870722
870815
870908
870995
871100
871194
871301
871409
871513
871611
871706
871793
871892
871995
872103
872217
872322
872421
872516
872619
872718
872827
872927
873026
873131
873233
873317
873429
873537
873638
873740
873840
873921
874025
874119
874207
874297
874388
874497
874608
874705
874822
874922
875038
875129
875241
875343
875443
875539
875640
875753
875838
875930
876023
876124
876223
876345
876433
876540
876624
876717
876825
876922
877031
877118
877211
877316
877409
877492
877597
877689
877788
877892
878000
878084
878171
878264
878366
878460
878554
878661
878753
878853
878940
879020
879124
879219
879314
879421
879510
879623
879723
879826
879933
880040
880127
880247
880330
880409
880519
880618
880708
880816
880914
881006
881089
881185
881288
881399
881502
881606
881694
881798
881901
882000
882107
882204
882315
882413
882511
882609
882698
882791
882873
882978
883072
883181
883281
883379
883482
883586
883682
883781
883893
883989
884088
884193
884298
884404
884497
884602
884713
884811
884914
885001
885109
885229
885342
885431
885515
885630
885725
885843
885965
886077
886177
886276
886374
886473
886581
886691
886801
886890
886985
887101
887177
887268
887361
887460
887562
887657
887750
887855
887961
888059
888159
888246
888346
888447
888542
888631
888713
888808
888912
889017
889120
889220
889308
889408
889498
889591
889688
889780
889889
889988
890086
890184
890308
890415
890521
890628
890716
890825
890932
891032
891135
891245
891339
891452
891543
891650
891741
891829
891946
892047
892132
892238
892348
892455
892556
892644
892755
892863
892966
893068
893191
893296
893399
893510
893600
893705
893813
893936
894042
894136
894247
894356
894467
894554
894642
894739
894825
894905
895009
895107
895214
895313
895414
895514
895623
895732
895832
895947
896050
896159
896250
896373
896464
896570
896671
896754
896848
896937
897043
897150
897254
897355
897450
897544
897657
897745
897829
897941
898048
898139
898235
898340
898429
898552
898663
898775
898890
899001
899099
899193
899291
899386
899489
899589
899655
899752
899863
899951
900058
900162
900261
900367
900482
900587
900682
900787
900907
901019
901124
901215
901313
901414
901512
901619
901714
901816
901935
902029
902131
902235
902336
902443
902533
902633
902735
902825
902923
903018
903124
903203
903303
903389
903504
903595
903692
903778
903877
903981
904097
904215
904316
904429
904507
904606
904710
904809
904913
905024
905148
905242
905339
905421
905512
905616
905712
905815
905918
906036
906138
906244
906367
906470
906560
906662
906752
906855
906968
907053
907159
907278
907374
907492
907582
907675
907775
907862
907958
908061
908184
908291
908378
908489
908582
908697
908789
908871
908948
909063
909162
909267
909370
909466
909575
909689
909807
909914
910014
910115
910220
910344
910436
910531
910654
910741
910847
910946
911048
911153
911240
911349
911441
911548
911649
911740
911843
911935
912046
912151
912247
912361
912457
912573
912691
912787
912888
912988
913087
913174
913270
913376
913473
913572
913685
913791
913895
913996
914104
914195
914296
914381
914472
914577
914692
914796
914896
914977
915052
915149
915235
915339
915437
915549
915644
915764
915880
915974
916079
916166
916281
916385
916482
916593
916722
916814
916919
917024
917126
917231
917317
917416
917504
917601
917715
917829
917930
918026
918126
918231
918331
918435
918528
918644
918760
918855
918953
919057
919166
919275
919387
919489
919574
919670
919775
919876
919967
920056
920137
920230
920322
920405
920506
920619
920721
920850
920955
921054
921162
921271
921372
921480
921592
921692
921790
921896
921984
922085
922174
922267
922363
922481
922586
922684
922792
922890
922993
923097
923190
923297
923373
923470
923558
923671
923786
923879
923987
924098
924196
924297
924399
924502
924594
924686
924786
924889
924985
925086
925183
925284
925396
925495
925594
925706
925802
925912
926015
926118
926223
926313
926423
926511
926614
926719
926817
926909
927004
927102
927196
927299
927385
927470
927558
927658
927754
927870
927973
928069
928182
928292
928393
928511
928615
928711
928806
928899
928991
929099
929209
929289
929376
929479
929583
929697
929805
929901
929987
930099
930190
930280
930385
930480
930595
930710
930814
930906
930997
931102
931212
931330
931426
931541
931656
931765
931863
931980
932077
932178
932269
932373
932471
932574
932657
932749
932858
932975
933067
933165
933250
933352
933450
933537
933634
933724
933816
933914
934025
934111
934232
934336
934430
934538
934650
934746
934858
934950
935048
935148
935252
935350
935438
935528
935634
935739
935855
935960
936064
936163
936258
936365
936475
936573
936684
936785
936901
936993
937103
937194
937281
937387
937490
937601
937702
937791
937901
937989
938086
938195
938303
938409
938520
938613
938704
938799
938893
939022
939124
939212
939325
939425
939511
939598
939702
939805
939888
939993
940092
940184
940274
940359
940455
940568
940678
940797
940905
941017
941113
941200
941300
941409
941493
941605
941708
941825
941931
942021
942123
942198
942302
942412
942507
942624
942706
942819
942922
943015
943106
943188
943278
943369
943466
943566
943669
943789
943899
943993
944083
944177
944275
944370
944500
944598
944711
944818
944920
945014
945122
945235
945332
945443
945554
945658
945758
945848
945937
946017
946105
946201
946301
946380
946489
946585
946690
946786
946893
946995
947097
947185
947303
947420
947523
947610
947685
947782
947878
947989
948095
948188
948284
948377
948473
948564
948662
948771
948850
948949
949043
949146
949263
949349
949460
949562
949654
949740
949847
949947
950048
950145
950241
950331
950441
950536
950635
950731
950827
950931
951017
951119
951222
951315
951418
951519
951613
951705
951808
951910
952015
952114
952229
952333
952436
952537
952643
952739
952825
952913
953014
953113
953217
953319
953419
953532
953634
953728
953832
953916
954023
954132
954239
954355
954453
954555
954649
954757
954845
954933
955029
955128
955216
955321
955418
955515
955622
955741
955837
955955
956037
956137
956241
956339
956432
956534
956658
956768
956870
956968
957075
957166
957265
957359
957453
957551
957653
957772
957867
957962
958058
958153
958254
958358
958463
958554
958629
958727
958818
958908
958999
959118
959210
959311
959418
959521
959607
959699
959783
959884
959980
960075
960178
960288
960386
960503
960607
960713
960819
960909
961016
961125
961229
961328
961424
961538
961637
961734
961850
961964
962064
962154
962254
962340
962443
962531
962645
962743
962850
962940
963049
963162
963251
963362
963468
963565
963669
963763
963860
963964
964061
964161
964263
964369
964479
964566
964676
964788
964890
964983
965104
965220
965324
965431
965547
965635
965737
965831
965929
966013
966111
966211
966301
966415
966523
966620
966738
966839
966928
967027
967118
967231
967330
967424
967522
967622
967719
967812
967936
968021
968119
968224
968312
968415
968508
968628
968731
968849
968949
969046
969166
969278
969387
969490
969603
969699
969811
969900
969998
970100
970209
970292
970399
970502
970614
970718
970821
970914
971030
971134
971226
971318
971445
971542
971638
971729
971815
971920
972034
972117
972216
972318
972410
972516
972608
972715
972832
972924
973021
973129
973249
973358
973462
973554
973645
973749
973833
973939
974053
974146
974245
974346
974445
974544
974626
974714
974805
974900
974994
975084
975175
975290
975409
975508
975607
975700
975794
975877
975971
976066
976181
976269
976368
976466
976577
976683
976778
976866
976955
977060
977163
977253
977342
977435
977525
977634
977725
977829
977928
978030
978133
978248
978357
978460
978570
978677
978766
978867
978963
979057
979146
979238
979358
979442
979548
979630
979731
979849
979954
980066
980147
980258
980367
980449
980543
980633
980723
980838
980941
981040
981149
981252
981353
981459
981542
981639
981751
981867
981959
982051
982142
982233
982338
982442
982546
982649
982745
982855
982983
983085
983184
983269
983363
983455
983537
983642
983733
983831
983930
984042
984130
984237
984340
984435
984549
984655
984746
984829
984920
985013
985098
985193
985302
985420
985521
985620
985716
985817
985911
986008
986103
986211
986312
986417
986511
986606
986710
986823
986918
987009
987133
987229
987321
987426
987526
987626
987726
987836
987936
988041
988130
988248
988340
988423
988534
988650
988760
988844
988943
989035
989132
989233
989342
989452
989552
989640
989716
989813
989913
990018
990125
990214
990322
990424
990514
990615
990710
990820
990933
991038
991145
991247
991336
991432
991529
991628
991723
991816
991931
992039
992135
992235
992327
992440
992538
992644
992739
992835
992934
993044
993146
993257
993354
993447
993550
993669
993776
993861
993959
994078
994190
994309
994408
994513
994601
994700
994793
994897
995009
995098
995201
995291
995409
995502
995598
995714
995817
995917
996036
996155
996262
996349
996455
996544
996649
996746
996868
996960
997042
997147
997261
997371
997466
997569
997651
997782
997886
997999
998098
998214
998313
998414
998518
998622
998718
998818
998934
999036
999124
999214
999314
999429
999532
999622
999755
999853
999973
1000085
1000172
1000261