1	2718	202	58539	2
1	59145	193	104343	1
1	104460	184	135156	0
1	136576	350	203117	1
2	9710	138	45853	1
2	46755	8	48887	0
2	49026	2	49031	1
2	50611	116	72594	0
2	73226	283	137392	1
2	137788	151	167975	0
2	168129	12	168802	1
2	169818	138	203030	0
2	204186	29	209607	1
2	210621	41	219635	1
2	220496	563	348445	1
2	348478	416	433272	0
2	434210	72	453704	1
2	454401	58	464655	2
2	464736	29	474402	1
2	475232	535	564884	0
2	565133	91	579497	1
2	579639	165	617650	0
2	618062	60	633618	1
2	633876	3	634368	0
2	635445	58	651879	1
2	652023	111	667557	2
2	667995	146	695020	1
2	695368	119	718888	0
2	718981	4	719269	1
2	720011	114	742138	0
2	742715	14	744922	1
2	746478	247	801218	2
2	803202	3	804364	1
3	11436	144	43844	0
3	45058	121	66729	1
3	67080	443	168290	2
3	169770	145	211204	1
3	211548	6	212321	2
3	212504	3	213011	1
3	213324	569	303533	2
4	2406	2	2587	2
4	18422	492	105958	0
4	107438	15	111373	2
4	111795	18	114170	0
4	114468	2	114797	2
4	115526	684	278341	0
4	280598	12	282068	2
4	283030	19	287699	0
4	288549	54	302084	2
4	302429	2	302449	1
4	302961	1	302961	2
4	303088	7	303806	1
4	304871	8	306463	0
4	306893	267	365812	2
4	365975	131	393619	0
4	394039	76	411448	1
4	412388	447	551991	0
4	552102	1	552102	1
4	552557	377	635124	2
4	636051	28	642692	1
4	643436	187	691366	0
4	692002	265	756152	1
4	756842	149	807091	0
4	807420	2	807628	2
4	807918	112	835444	0
4	836051	15	841276	2
4	842057	216	907500	1
4	908202	108	933319	2
4	934468	93	952479	1
4	952667	105	994347	2
4	995831	6	996740	1
4	997121	148	1024632	2
4	1030368	406	1122844	1
4	1123640	574	1260022	0
4	1260779	8	1261151	1
4	1262181	23	1267926	0
4	1268187	4	1268439	1
4	1269015	1	1269015	2
4	1269345	3	1269687	1
4	1269918	45	1278468	2
4	1278992	36	1291207	1
4	1291788	197	1337309	0
4	1337856	110	1364514	1
4	1365012	9	1366906	2
4	1367017	1	1367017	1
4	1367355	1	1367355	2
4	1367748	178	1411737	1
4	1411831	457	1477994	0
4	1478319	16	1480972	1
4	1481367	61	1496573	2
4	1497564	5	1498007	0
4	1498561	2	1498592	2
4	1499290	98	1523009	0
5	7343	165	32276	0
5	33124	5	34703	1
5	34979	769	209849	0
5	210614	15	213822	1
5	216124	15	217536	1
5	218938	3	219111	0
5	219227	6	219648	1
5	219746	1	219746	0
5	219959	22	225841	1
5	226347	333	304998	0
5	305860	147	335687	1
5	336936	20	341670	0
5	342537	7	343263	1
5	344031	115	374069	0
5	374386	34	378167	2
5	378297	4	378394	1
5	379043	69	397051	2
5	398005	15	401662	1
5	402039	236	464985	0
5	465425	2	465974	1
5	466898	1	466898	0
5	467203	49	477976	1
5	478420	23	483728	2
5	483903	44	491617	1
5	491911	2	491960	0
5	492329	130	523179	1
5	524223	266	566643	0
6	14830	152	29346	0
6	29440	1	29440	1
6	29449	905	194520	0
6	196281	6	197081	1
6	197428	58	207985	0
6	208075	76	222456	1
6	223659	15	226946	0
6	227543	54	235813	1
6	235957	249	267016	0
7	1073	69	8794	1
7	8835	7	10077	2
7	10456	1	10456	1
7	10527	392	99508	2
7	100009	436	194880	0
7	195543	165	227280	1
7	227427	11	229399	2
7	229801	24	234801	1
7	235472	3	235629	0
7	236356	271	305802	1
7	306128	242	360287	0
7	360861	49	371244	1
7	371625	142	396947	0
7	397091	7	397971	1
7	398049	109	429727	2
7	430496	35	438990	1
7	439794	5	440359	0
7	440438	204	492864	1
7	493569	6	494903	0
7	495047	2	495756	1
7	495861	1	495861	0
7	496380	303	578374	1
7	578445	341	640849	0
7	641544	2	641721	2
7	642195	174	679849	0
7	680390	50	692218	1
7	692659	79	725467	2
7	726495	160	760939	1
7	761160	4	762571	2
7	765055	1	765055	1
7	765127	2	765217	2
7	765750	117	784625	1
7	785318	106	799895	0
7	799970	6	801136	1
7	801316	157	849797	0
7	850035	310	908324	1
7	909136	4	909602	2
7	910289	192	955308	1
7	955886	282	1017034	2
7	1017661	159	1063846	1
7	1064130	2	1064969	0
7	1065344	41	1076590	1
8	12938	265	47171	1
8	48088	120	68905	2
8	69088	9	70434	1
8	70883	58	83128	2
8	83781	41	98546	1
8	99116	32	112455	0
8	114162	29	119813	1
8	120184	282	173805	0
8	175141	1	175141	1
8	175197	3	175365	0
8	176184	2	176243	1
8	176351	70	190339	0
8	191304	120	217298	1
8	218120	147	248808	2
8	249226	18	256020	1
8	256342	383	340523	2
8	340650	11	341515	1
8	341799	132	373732	2
8	375003	255	423389	1
8	423780	8	424419	0
8	425219	147	462176	1
8	463706	266	503623	0
8	505764	182	525230	2
9	26336	124	40928	2
9	41108	6	41664	0
9	42595	51	53832	2
9	55071	124	83754	1
9	86070	191	128561	2
9	129878	22	132156	1
9	132633	330	197744	2
9	197790	11	199588	1
9	200384	640	337127	2
9	337182	6	337590	1
9	337673	6	338050	2
9	338145	8	340234	1
9	340507	1	340507	2
9	340858	9	342922	1
9	343775	1	343775	0
9	344746	175	381607	2
9	381823	162	400508	1
9	401147	166	427658	0
9	427791	28	429794	1
9	430414	4	433284	0
10	21158	203	54311	1
10	55335	20	58860	0
10	59484	38	68659	1
10	68967	4	69275	2
10	69806	121	87183	1
10	87390	32	94494	0
10	95022	2	95406	1
10	96041	162	135693	0
10	135793	6	136260	1
10	136384	11	138890	0
10	139013	68	152343	1
10	152637	24	156530	2
10	157046	149	190302	1
10	191362	2	191377	0
10	191385	383	273516	1
10	274782	78	294473	0
10	294494	1	294494	1
10	294543	314	358261	0
10	358315	1	358315	1
10	358354	1	358354	0
10	358391	3	358569	1
10	358915	388	466365	2
10	467559	16	470299	1
10	470582	1139	728049	2
11	2905	380	80289	0
11	80724	19	83196	2
11	83481	406	182867	0
11	182950	9	185846	1
11	186196	213	240233	0
11	240375	15	243064	1
11	243823	652	382980	0
11	383398	17	387240	1
11	387382	1	387382	0
11	387796	106	415974	1
11	416779	608	528401	2
11	529150	17	530607	1
11	531590	61	549094	0
11	549222	22	553697	1
11	553952	101	576400	0
11	577326	267	641015	1
11	642200	48	658012	2
11	664104	2	664111	1
12	15424	271	69569	1
12	70056	178	99709	0
12	100366	31	105494	1
12	106133	43	111778	2
12	111825	1	111825	1
12	111878	78	121203	2
12	121719	5	123990	1
12	125283	19	130865	2
12	131673	342	201724	1
12	202626	14	204107	2
12	204524	117	230218	1
12	230859	2	230887	0
12	230960	68	242506	1
12	243426	61	254773	0
12	255175	113	281295	1
12	281328	4	282094	2
12	282310	6	284594	1
12	284729	26	288976	2
12	289646	200	340008	1
12	340838	6	341678	0
12	342271	503	414915	1
12	415898	92	432874	2
12	433159	4	433672	0
12	434869	226	532344	2
12	534194	145	579037	1
12	581502	442	692181	0
12	692970	86	716763	1
12	720526	1451	1001623	0
12	1001922	1	1001922	2
12	1002086	2	1002191	0
12	1002296	32	1011268	2
12	1012917	11	1015184	0
12	1015543	64	1027717	2
12	1028193	4	1028782	0
12	1028958	105	1058891	2
12	1065267	2	1065293	1
13	8402	95	35874	2
13	36672	510	139699	1
13	140517	27	146065	2
13	146240	209	205670	1
13	206013	32	210532	0
13	210658	1	210658	1
13	210915	1	210915	0
13	211211	2	211216	1
13	211894	112	240226	0
13	240525	3	241036	1
13	241872	305	329517	0
13	330384	35	339619	1
13	340672	369	406675	2
13	407179	162	445712	1
13	446239	177	486437	0
13	489569	258	546766	1
13	547652	1	547652	0
13	547889	2	548070	1
13	548624	560	667089	0
13	667469	15	673042	1
13	673806	117	700569	2
13	700942	7	701668	1
13	702452	3	702536	0
13	702605	83	715089	1
13	715257	1	715257	0
13	715619	47	724206	1
13	724299	62	750320	2
13	750981	183	788209	1
13	788873	44	798109	0
13	798550	365	819515	1
13	820351	100	843864	2
13	845605	57	857797	1
13	858414	241	917560	0
14	16112	45	24221	1
14	24599	138	52856	2
14	53897	615	161474	1
14	161912	246	220597	2
14	220655	225	275396	1
14	276318	332	355617	2
14	355851	314	425480	0
14	425774	282	482557	2
14	483985	756	690061	1
14	690677	388	781201	2
14	781274	1	781274	1
15	33217	220	80033	0
15	80586	100	100622	1
15	100984	48	108331	0
15	108947	6	109604	1
15	111208	39	125231	0
15	125570	234	170728	2
15	171306	1	171306	0
15	171805	347	253006	2
15	253882	1034	460379	0
15	460815	96	485031	1
15	485898	46	492629	2
15	492927	131	519048	1
15	519432	21	522303	2
15	522596	36	543780	1
15	544461	2	544509	2
15	544630	7	544813	1
15	544924	46	550922	2
15	551813	21	558487	1
15	559591	403	659154	0
15	660722	15	662842	1
15	663595	314	737529	0
15	738108	6	739350	1
15	739749	455	840945	0
15	842069	394	954231	2
15	955006	275	1014504	0
15	1015192	318	1071359	2
15	1072997	2	1073023	0
15	1076482	1	1076482	1
16	16416	1	16416	2
16	19898	463	131289	0
16	131758	4	132500	2
16	133367	165	177345	1
16	177695	1039	421121	0
16	422575	178	463723	2
16	464201	3	464400	0
16	464655	34	472929	1
16	473241	15	475802	0
16	476646	116	505008	1
16	505698	1	505698	0
16	505721	7	506854	1
16	507476	371	596424	0
16	597694	2	597961	1
16	598171	146	628893	2
16	629370	106	658683	1
16	658902	166	693141	2
16	693825	74	710043	1
16	710793	615	883214	2
16	883913	213	920779	0
16	920827	13	922391	2
16	922852	18	925033	0
16	926851	2	927911	1