1	2718	48	32682	2
1	32947	5	33867	1
1	34245	154	60267	2
1	60876	3	61119	1
1	63646	3	63869	2
1	64258	15	67373	1
1	68155	1	68155	2
1	68760	14	69697	1
1	69951	17	72952	0
1	73478	427	169689	1
1	170321	91	182433	2
1	183815	6	183912	1
1	184378	54	190169	2
1	190880	91	203117	1
2	9710	14	12578	0
2	12728	14	17349	1
2	17715	105	44098	0
2	45178	5	45853	1
2	46755	69	61304	2
2	62445	481	164975	1
2	166550	47	173196	0
2	174535	10	176684	1
2	177287	59	191232	0
2	191613	8	193539	1
2	195698	93	216513	2
2	216902	147	259438	1
2	259540	2	259543	0
2	265684	18	271265	1
2	272267	326	332993	0
2	333434	108	352403	1
2	352751	34	359116	2
2	359576	6	361006	1
2	361594	69	371554	2
2	372688	326	446547	1
2	447300	24	452576	0
2	453044	9	454753	1
2	454884	6	456493	0
2	457395	92	479516	1
2	480335	93	498959	2
2	499374	876	660921	1
2	660972	136	682779	0
2	682941	197	724416	1
2	724863	1	724863	0
2	725260	1	725260	1
2	725438	348	803202	0
2	804311	2	804364	1
3	11436	52	25467	1
3	25895	2	25999	2
3	26423	76	40205	1
3	40294	295	101758	2
3	102885	254	163290	1
3	163859	4	164277	0
3	165010	208	219696	1
3	220054	14	221720	0
3	222056	6	222497	1
3	223120	182	249476	0
3	249535	57	259724	1
3	260779	13	263835	2
3	264642	3	265091	1
3	265283	2	266110	0
3	266399	263	303533	1
4	2406	2	2587	1
4	18422	145	41465	2
4	42041	1	42041	1
4	42474	5	42848	2
4	43075	29	50793	1
4	51199	299	104069	2
4	104854	18	108056	1
4	108281	2	108371	2
4	109279	157	148667	1
4	149839	87	167048	0
4	167266	7	168058	1
4	169230	115	200193	0
4	200331	199	252732	1
4	253696	159	282068	2
4	283030	686	443658	1
4	444372	222	509695	0
4	510253	123	554456	1
4	554904	360	636051	2
4	636665	367	720857	1
4	721991	1	721991	2
4	722265	70	743651	1
4	744117	3	744215	0
4	744435	2	744524	1
4	745712	15	748386	0
4	748610	49	766110	1
4	766621	13	769038	2
4	769171	4	769883	1
4	770153	95	805687	2
4	805830	11	807628	1
4	807918	20	816398	2
4	816808	108	842057	1
4	842335	120	869992	2
4	871412	1	871412	1
4	871614	178	926263	2
4	926719	15	930077	1
4	930421	64	945517	2
4	945813	22	949961	1
4	950078	169	1006679	0
4	1006922	295	1068819	1
4	1070130	2	1070310	2
4	1070601	142	1103592	1
4	1104497	206	1163806	0
4	1164350	1	1164350	1
4	1164361	329	1240299	0
4	1240626	12	1242178	1
4	1242510	5	1242924	0
4	1246762	228	1294582	1
4	1295438	392	1394902	0
4	1395699	2	1395933	2
4	1396310	76	1410091	1
4	1410611	19	1412448	0
4	1414373	27	1418534	1
4	1418910	401	1474220	0
4	1474337	204	1523009	1
5	7343	131	24870	1
5	24966	22	27604	0
5	27869	256	79309	1
5	79544	13	80877	0
5	81049	7	82175	1
5	82559	3	82970	0
5	83007	332	162474	1
5	163835	274	237393	0
5	238052	21	241100	1
5	241465	225	290529	0
5	291118	154	324410	1
5	325958	2	325963	2
5	326225	143	358579	1
5	359032	6	360895	2
5	361213	141	397051	1
5	398005	239	461594	2
5	462662	55	475676	1
5	475964	3	476295	2
5	476912	471	566643	1
6	14830	161	29993	2
6	30312	574	114803	1
6	115717	362	203628	0
6	204061	1	204061	1
6	204274	15	207080	0
6	207354	2	207472	1
6	207760	223	245419	0
6	245900	178	267016	1
7	1073	17	3598	2
7	3780	366	77052	1
7	78273	1	78273	2
7	78645	109	106716	1
7	107771	569	224372	2
7	225917	76	245148	1
7	247485	13	252951	0
7	253122	455	355265	1
7	355706	1	355706	2
7	356141	67	372293	1
7	372503	2	372695	2
7	374507	121	395825	1
7	396010	21	397959	0
7	397971	1	397971	1
7	398049	4	399014	0
7	399668	3	399836	1
7	400297	1	400297	0
7	401525	9	408678	1
7	410159	124	436989	0
7	438146	35	447888	1
7	449091	2	449133	2
7	449184	1	449184	1
7	449454	2	450034	2
7	450245	14	455891	1
7	456158	84	477210	0
7	478542	1	478542	1
7	478970	174	522323	0
7	522593	11	524713	1
7	524998	97	547845	0
7	547892	293	611295	1
7	612075	132	636660	2
7	636683	124	664147	1
7	664694	277	740621	2
7	740852	55	752424	1
7	752846	11	756009	0
7	756890	252	800442	1
7	801136	12	803587	2
7	803671	384	895181	1
7	895701	484	1005852	0
7	1005941	268	1076590	1
8	12938	378	66700	1
8	67460	380	156789	0
8	156903	78	173805	1
8	175141	73	189026	0
8	189274	2	189521	1
8	190339	3	191478	2
8	192435	1	192435	1
8	192776	157	225822	2
8	226805	184	272321	1
8	272617	708	420099	2
8	420359	7	421321	1
8	421410	3	422218	0
8	422684	1	422684	1
8	422786	3	423389	0
8	423780	603	525230	1
9	26336	168	51046	2
9	51129	2	51147	1
9	51395	1	51395	2
9	51730	4	52377	1
9	52713	6	53832	2
9	55071	11	57568	1
9	57929	155	92229	2
9	92545	1	92545	1
9	92732	334	159685	2
9	160393	15	162407	1
9	163105	27	171083	0
9	172939	933	372809	1
9	373026	50	382609	0
9	383042	1	383042	1
9	383427	357	433284	0
10	21158	1	21158	1
10	21297	93	32025	0
10	32429	734	187833	1
10	188959	12	190302	2
10	191362	442	291106	0
10	291762	3	291981	1
10	292541	83	304146	2
10	304503	116	321044	1
10	322043	514	462170	0
10	462490	10	465366	1
10	465678	10	468102	2
10	468847	204	525907	1
10	526012	2	526311	2
10	528102	97	544361	1
10	545026	96	568041	0
10	568783	5	571276	1
10	571582	12	572997	2
10	573199	26	580504	1
10	580888	14	583675	0
10	584485	263	625848	1
10	626814	24	632414	0
10	632927	2	633213	1
10	633240	1	633240	0
10	633350	40	640893	1
10	641241	354	727467	2
10	727488	1	727488	1
10	727539	7	728049	2
11	2905	262	48147	0
11	48385	4	48808	1
11	49687	1	49687	2
11	49705	1	49705	1
11	49758	66	69000	2
11	69417	534	202417	1
11	203085	1	203085	0
11	203999	27	209488	1
11	209983	5	210184	0
11	211000	461	307341	1
11	307562	250	364013	0
11	364605	4	365043	1
11	365138	3	365224	0
11	365330	12	367419	1
11	367833	8	370889	0
11	371060	1	371060	1
11	371345	54	382980	0
11	383398	103	409429	1
11	410634	229	449649	2
11	450846	8	451772	1
11	452719	36	461628	2
11	462622	344	526688	1
11	527133	205	574194	0
11	574638	232	626193	1
11	626428	4	626557	2
11	627445	39	641015	1
11	642200	48	658012	0
11	664104	2	664111	1
12	15424	322	79537	1
12	79672	1	79672	0
12	79830	112	96229	1
12	97517	30	102476	2
12	102860	158	129828	1
12	130140	206	174624	0
12	174688	195	210240	1
12	211678	145	242506	2
12	243426	69	255736	1
12	255818	13	257388	0
12	257669	7	258988	1
12	259045	10	260749	0
12	261023	544	388010	1
12	388634	286	417445	0
12	417560	12	418904	1
12	419132	148	450232	0
12	450324	38	500806	1
12	501707	465	637970	0
12	638303	4	639830	1
12	640091	278	703572	0
12	704823	324	779623	1
12	780099	63	792417	2
12	792641	488	836998	1
12	837744	3	837902	0
12	838789	118	870985	1
12	872036	3	872560	0
12	872805	200	919424	1
12	920406	330	1013388	0
12	1014017	55	1024103	1
12	1024937	4	1025510	0
12	1025892	124	1065293	1
13	8402	37	20622	1
13	21881	85	41627	0
13	42627	150	68600	1
13	68908	7	70166	2
13	70764	174	101085	1
13	101918	51	113864	0
13	114297	42	128764	1
13	129738	162	167962	2
13	168034	183	213502	1
13	213709	116	243623	0
13	244572	51	262383	1
13	262691	89	297405	2
13	298692	148	329030	1
13	329224	2	329517	2
13	330384	5	331046	1
13	331787	20	336425	2
13	336610	3	337176	1
13	338515	7	339619	2
13	340672	5	340906	1
13	341630	266	393792	2
13	393856	307	454527	1
13	454866	209	506082	0
13	506166	1	506166	1
13	506403	344	574134	0
13	574620	400	668207	1
13	668902	14	673975	2
13	675294	504	789225	1
13	791709	388	813199	2
13	813968	118	843864	1
13	845605	1	845605	2
13	846548	57	858414	1
13	859521	3	860181	0
13	860310	31	868785	1
13	869313	206	917560	0
14	16112	2	16184	2
14	16586	1	16586	1
14	16721	1094	231084	2
14	231369	398	332838	0
14	333784	519	444089	2
14	444709	390	544459	1
14	545141	496	678144	2
14	678306	233	730079	1
14	730652	101	752783	2
14	754526	2	754557	1
14	754568	6	754667	2
14	754857	1	754857	1
14	754875	99	781274	2
15	33217	90	46774	2
15	47322	8	49028	1
15	52050	43	62432	2
15	62866	15	68284	1
15	68911	304	133509	2
15	134633	10	137721	1
15	137841	222	182170	2
15	182622	41	193217	1
15	194198	18	197170	2
15	198279	86	216499	0
15	217333	2	217641	1
15	218172	66	230499	2
15	231024	2	231041	1
15	231089	66	248998	2
15	249136	32	255091	1
15	255588	53	265602	0
15	266197	96	285767	1
15	286096	870	459568	0
15	459843	103	485952	1
15	486108	9	487028	0
15	487406	40	493349	1
15	493415	1	493415	0
15	493534	1	493534	1
15	493846	350	589700	0
15	590710	45	605161	1
15	605644	2	605914	0
15	605978	7	606997	1
15	607260	526	720746	0
15	721370	4	723816	1
15	724281	1	724281	0
15	725550	50	736690	1
15	737266	12	740148	2
15	741072	13	743338	1
15	743882	1	743882	2
15	744522	413	835187	1
15	835656	7	836722	2
15	837056	69	854178	1
15	854679	1	854679	0
15	855309	602	1009425	1
15	1010116	8	1010673	0
15	1011440	329	1076482	1
16	16416	207	75760	1
16	76104	321	148309	2
16	149714	47	161498	1
16	162751	901	376226	0
16	378101	8	379460	1
16	379885	14	381741	0
16	381840	3	381920	1
16	383083	299	451459	0
16	451892	1	451892	1
16	452400	584	594266	0
16	594583	197	640419	1
16	641552	159	678816	0
16	679562	78	694426	1
16	695202	36	703030	2
16	703206	1	703206	1
16	703259	14	706637	2
16	706852	2	707059	1
16	707295	20	710793	2
16	710988	1	710988	1
16	711099	7	713201	2
16	713959	8	716555	1
16	716942	252	783796	2
16	785968	227	843754	0
16	843966	1	843966	2
16	857636	233	901710	0
16	902268	131	927911	2