1	2718	246	70416	2
1	70522	496	178579	0
1	178654	1	178654	1
1	178674	4	178905	0
1	178989	25	181851	1
1	182184	66	190169	1
1	190880	91	203117	2
2	9710	98	38956	0
2	40029	35	44098	1
2	45178	8	47197	2
2	47948	1	47948	1
2	48506	362	125022	2
2	125762	2	126080	0
2	126272	173	160509	2
2	161463	3	161840	1
2	162271	133	195938	0
2	196404	189	248980	1
2	249928	6	251742	0
2	251833	58	269578	1
2	270164	1	270164	0
2	271006	73	287110	1
2	287997	14	289069	0
2	289530	177	322869	1
2	323577	266	369040	0
2	369229	169	406379	1
2	407477	11	409495	2
2	410015	175	449888	1
2	450377	11	452576	2
2	453044	107	479516	1
2	480335	2	480510	2
2	480609	50	492001	1
2	492196	3	492334	2
2	492887	1169	704560	1
2	705627	32	712199	0
2	713781	120	738147	2
2	739091	14	742138	1
2	742715	264	804364	0
3	11436	153	45906	0
3	46705	2	46714	1
3	47161	1	47161	2
3	47918	8	49400	1
3	49571	153	75235	2
3	75469	118	104135	1
3	104931	13	107061	2
3	107671	178	148030	1
3	148832	175	198029	2
3	201147	61	213011	1
3	213324	14	216268	0
3	217053	62	228849	1
3	229363	1	229363	2
3	230134	223	263014	1
3	263835	269	303533	2
4	2406	406	89925	2
4	90733	90	107513	1
4	107966	5	108371	2
4	109279	244	167048	1
4	167266	25	174905	2
4	174995	2	174996	1
4	174998	97	200337	2
4	201329	344	278341	1
4	280598	937	522457	2
4	523167	58	546573	1
4	547565	302	612357	2
4	613152	253	678076	1
4	678460	1	678460	1
4	679210	3	679951	1
4	680023	1	680023	0
4	680614	1	680614	1
4	681321	368	769171	0
4	769373	4	770153	1
4	770731	56	788526	0
4	790177	144	830278	1
4	831259	19	836356	0
4	836588	11	839657	1
4	841000	3	842057	0
4	842335	3	842343	1
4	842538	27	845777	0
4	845875	188	908962	1
4	909656	1	909656	2
4	910427	94	929368	1
4	930077	420	1044506	2
4	1044873	6	1047260	1
4	1047315	34	1053493	0
4	1053592	30	1056739	1
4	1057249	303	1128135	0
4	1128699	29	1136906	1
4	1137245	55	1158117	2
4	1158571	10	1162210	1
4	1162563	490	1268439	0
4	1269015	2	1269345	1
4	1269577	67	1286562	0
4	1286838	6	1288551	2
4	1288775	14	1292208	0
4	1292703	318	1368445	2
4	1370050	813	1523009	0
5	7343	1655	377067	0
5	378140	173	424638	2
5	424927	43	433316	0
5	433760	1	433760	2
5	434454	58	452483	0
5	454403	103	477976	2
5	478420	1	478420	0
5	478595	464	566643	2
6	14830	319	49483	2
6	49820	21	53398	1
6	54604	239	95347	0
6	95601	1	95601	1
6	96317	5	96667	1
6	96853	1	96853	2
6	97141	59	101512	1
6	101727	14	104114	1
6	104192	340	184633	1
6	184844	2	184858	0
6	185498	12	187189	1
6	187948	93	205547	2
6	205702	7	207080	1
6	207354	94	225457	2
6	226463	117	243667	1
6	243974	192	267016	0
7	1073	69	8794	1
7	8835	7	10077	2
7	10456	1	10456	1
7	10527	64	22405	2
7	22900	8	23854	1
7	25606	77	43336	0
7	45398	4	45813	1
7	46743	42	54933	0
7	55263	12	56682	1
7	57351	66	70353	0
7	70804	296	143451	1
7	144160	1	144160	0
7	144296	3	144469	1
7	144716	252	193476	0
7	194682	28	199899	2
7	200801	672	353852	0
7	354122	1	354122	1
7	354728	314	427807	0
7	428325	8	429150	1
7	429271	74	449454	0
7	450034	71	471114	1
7	471558	157	508231	0
7	508546	44	521329	1
7	521696	11	523732	2
7	524702	404	615404	1
7	615525	11	617292	0
7	617861	1	617861	1
7	618008	4	618012	0
7	618068	1	618068	1
7	618102	1	618102	0
7	618620	34	622465	1
7	622492	1	622492	0
7	623101	9	624869	1
7	626137	8	626947	0
7	627307	174	664147	1
7	664694	5	667120	2
7	667708	2	668222	1
7	669742	140	700916	2
7	701357	177	750891	1
7	750972	403	842834	2
7	843103	311	904347	0
7	904491	26	909136	2
7	909541	94	936416	0
7	937221	222	982728	2
7	983358	6	984382	0
7	984961	131	1011024	2
7	1011379	32	1019970	0
7	1021557	9	1023056	2
7	1023965	8	1026465	0
7	1027295	1	1027295	2
7	1028092	176	1076590	0
8	12938	57	21639	1
8	22697	337	70434	0
8	70883	249	141692	1
8	143214	2	143543	1
8	144241	132	159136	2
8	160385	124	186699	1
8	187527	9	189274	2
8	189521	648	336166	1
8	336663	351	411039	0
8	411599	45	418992	2
8	419057	38	427308	1
8	428193	143	463854	0
8	464133	302	513007	2
8	513526	3	513837	1
8	514453	141	525230	2
9	26336	236	67426	3
9	68149	8	69138	1
9	70443	178	104545	3
9	104638	31	112711	1
9	113561	6	114141	3
9	114372	135	142470	1
9	142621	7	143038	3
9	144276	101	163139	2
9	163427	58	179515	0
9	179912	79	194605	2
9	195295	193	249247	0
9	249383	40	254644	1
9	254765	2	255059	0
9	255418	88	265664	1
9	266255	53	279700	3
9	280080	235	324029	1
9	324390	67	339305	3
9	340156	227	385607	1
9	385711	3	385718	1
9	385810	59	393498	1
9	393505	259	433284	0
10	21158	368	85773	1
10	85992	2	86001	2
10	86079	282	149941	1
10	150379	6	150714	0
10	151050	58	160945	1
10	161251	564	290669	0
10	290907	2	291106	2
10	291762	168	315842	1
10	316551	7	317491	2
10	317989	283	389732	1
10	389963	2	390467	2
10	390521	6	391555	1
10	391904	2	392058	2
10	392787	260	465816	1
10	466365	211	525388	2
10	525907	1	525907	0
10	526012	2	526311	2
10	528102	225	577306	1
10	578723	391	649823	2
10	650669	141	691911	0
10	691989	35	699469	2
10	700600	135	726114	0
10	726383	1	726383	1
10	726713	1	726713	1
10	726859	12	727921	0
10	728049	1	728049	1
11	2905	281	54204	0
11	55347	52	68089	1
11	69000	167	100475	0
11	103675	233	166705	1
11	167238	191	215029	0
11	215821	5	216378	1
11	216553	706	368658	0
11	370478	135	402660	1
11	402809	1	402809	2
11	403011	17	407229	1
11	407615	459	499635	0
11	500449	109	517103	1
11	517129	22	519796	2
11	520153	12	521476	1
11	521737	1	521737	2
11	521933	551	658012	1
11	664104	2	664111	1
12	15424	283	73600	1
12	73691	97	86783	0
12	86879	12	88362	1
12	88557	81	103858	1
12	105183	50	111778	1
12	111825	1	111825	1
12	111878	827	283463	1
12	284423	28	288976	0
12	289646	43	297855	1
12	298586	167	343396	0
12	343734	157	376200	1
12	376969	13	378191	0
12	378824	233	402932	1
12	403115	9	403898	2
12	404056	111	419216	1
12	419474	18	421680	0
12	421926	139	451216	1
12	490675	120	522961	1
12	524147	23	534385	1
12	535065	363	642537	0
12	644045	26	647803	1
12	648070	245	705503	0
12	706055	231	757763	2
12	758744	608	828017	0
12	828578	2	828697	2
12	828855	90	854892	0
12	855391	41	865736	1
12	865776	10	867171	0
12	867992	47	879714	1
12	880319	84	897658	0
12	898103	188	953629	1
12	954173	2	954228	2
12	954404	135	985307	1
12	986214	84	1010166	0
12	1011268	4	1013388	1
12	1014017	30	1019768	0
12	1019989	24	1023165	1
12	1024103	9	1026243	0
12	1026504	120	1065293	1
13	8402	35	19498	2
13	20392	2	20622	0
13	21881	1	21881	2
13	22939	10	24667	0
13	25507	2	25508	1
13	25829	121	50955	0
13	51343	133	75217	1
13	75258	146	100454	2
13	100610	55	114297	1
13	114933	89	136894	0
13	138474	27	144245	1
13	144592	12	146240	2
13	147354	37	159986	1
13	160455	4	160953	2
13	161685	268	228322	1
13	228901	1	228901	0
13	229539	208	300558	1
13	300623	218	347877	0
13	348806	1111	577948	2
13	578710	102	610916	1
13	611130	249	661195	0
13	661650	301	722985	1
13	723924	75	752993	0
13	753954	180	792254	1
13	793401	2	793436	2
13	793663	5	793888	1
13	794230	589	869807	2
13	869963	4	873246	1
13	874221	199	917560	0
14	16112	871	185936	0
14	186142	1	186142	1
14	186475	71	200718	0
14	201039	18	202874	1
14	203210	164	238178	2
14	238825	34	246378	1
14	246481	194	299288	2
14	299384	141	331752	1
14	332838	274	395587	2
14	396226	116	420156	1
14	420283	98	439125	0
14	439647	267	493770	1
14	494596	139	538129	0
14	539950	45	552429	1
14	553254	41	573939	0
14	574027	3	574042	1
14	574160	307	655026	0
14	655873	20	659869	1
14	660715	537	781201	2
14	781274	1	781274	1
15	33217	109	54339	1
15	54961	599	185983	2
15	186289	153	222653	1
15	222852	995	425274	0
15	427719	167	458891	1
15	459568	88	478750	0
15	478915	1	478915	1
15	480090	10	484524	0
15	484875	3	485031	1
15	485898	417	592731	0
15	592970	457	693870	2
15	694141	261	758153	0
15	759277	10	760105	2
15	760954	107	781633	0
15	781936	92	806319	2
15	806847	31	810838	1
15	811006	2	811067	0
15	812092	42	822553	1
15	823421	1	823421	2
15	824472	6	824646	1
15	824954	16	827251	2
15	827824	61	840945	1
15	842069	250	912908	2
15	913353	259	987547	1
15	988081	478	1071359	2
15	1072997	2	1073023	0
15	1076482	1	1076482	1
16	16416	1	16416	2
16	19898	137	54119	0
16	54761	1	54761	2
16	55209	15	56152	0
16	63705	884	272468	2
16	273980	108	298589	0
16	298756	747	475030	2
16	475211	68	490848	1
16	491068	1	491068	0
16	491133	1	491133	1
16	491370	105	512517	0
16	513853	78	533457	1
16	533778	27	540040	0
16	541747	17	544696	1
16	545320	98	571413	0
16	571582	3	571598	1
16	571690	236	624175	0
16	624374	1	624374	1
16	624811	1	624811	0
16	625038	116	656605	1
16	657678	25	662768	2
16	663321	30	671425	1
16	671947	10	672824	0
16	673223	189	712507	1
16	713201	1	713201	2
16	713959	30	721050	1
16	721892	178	773283	0
16	774732	5	775183	1
16	775847	162	820380	0
16	820928	330	899499	1
16	899924	57	909611	0
16	910104	13	911898	1
16	912647	4	912878	0
16	913419	5	913665	1
16	913687	66	925033	0
16	926851	2	927911	1