1	2718	195	56480	0
1	57351	33	67373	0
1	68760	27	71038	0
1	71714	153	108869	0
1	109783	296	173960	0
1	174484	30	178182	0
1	178204	194	203117	0
2	9710	84	29064	0
2	36302	293	100878	0
2	103296	364	178570	0
2	178930	54	191613	0
2	192398	559	327761	0
2	327875	222	366810	0
2	367600	141	395928	0
2	398452	150	426992	0
2	428925	20	434210	0
2	435951	65	451982	0
2	453704	152	489897	0
2	491265	502	567902	0
2	569235	81	586218	0
2	587309	170	626629	0
2	627176	65	642776	0
2	643138	395	716118	0
2	716290	80	731859	0
2	731907	35	739283	0
2	740035	51	755424	0
2	755748	12	758049	0
2	759357	204	804364	0
3	16587	112	37687	0
3	39706	24	45145	0
3	45417	196	79916	0
3	80883	315	155271	0
3	155488	188	209464	0
3	210642	24	214896	0
3	219696	11	220624	0
3	220904	29	225870	0
3	226156	23	232698	0
3	233158	171	254181	0
3	254715	21	257755	0
3	258435	148	288642	0
3	288972	138	303533	0
4	2406	85	28997	0
4	29570	77	49565	0
4	50358	518	156500	0
4	157205	243	212682	0
4	214052	191	263811	0
4	264791	472	369582	0
4	371383	34	379354	0
4	379874	162	413375	0
4	413674	304	502758	0
4	503223	15	505104	0
4	505347	112	549744	0
4	550699	16	552763	0
4	552943	14	554904	0
4	555362	131	587593	0
4	587899	34	591069	0
4	591909	34	598956	0
4	600257	301	678460	0
4	679210	433	788526	0
4	790177	67	814815	0
4	816386	98	836708	0
4	841000	39	848397	0
4	850922	320	942264	0
4	942657	21	944820	0
4	945517	101	966300	0
4	966390	49	997121	0
4	998702	32	1005257	0
4	1005453	97	1018905	0
4	1019195	167	1060748	0
4	1061165	63	1077529	0
4	1077787	21	1081335	0
4	1081731	752	1261060	0
4	1261089	110	1289490	0
4	1290044	294	1359607	0
4	1360069	348	1431670	0
4	1431857	20	1433731	0
4	1435565	223	1468862	0
4	1469339	12	1470132	0
4	1470511	229	1523009	0
5	7343	335	68718	0
5	69310	33	72385	0
5	73003	40	78808	0
5	79309	796	273467	0
5	273587	38	281684	0
5	281802	110	311096	0
5	311308	129	335687	0
5	336936	262	399993	0
5	401320	44	409103	0
5	418513	693	566643	0
6	15115	160	29993	0
6	30312	64	35993	0
6	36224	512	115810	0
6	116269	195	170341	0
6	170473	179	206548	0
6	206888	50	216669	0
6	217299	37	222456	0
6	223659	49	231638	0
6	233627	80	244381	0
6	244543	187	267016	0
7	1073	68	5209	0
7	8794	185	52587	0
7	53097	173	91429	0
7	94415	86	113605	0
7	114332	225	164428	0
7	164966	15	168178	0
7	171465	388	254184	0
7	254291	16	258270	0
7	258818	14	265936	0
7	269232	39	275819	0
7	278844	145	309604	0
7	310453	327	383189	0
7	383435	12	386017	0
7	386428	112	410219	0
7	411737	73	425244	0
7	426712	16	429518	0
7	431782	12	434361	0
7	434758	70	455735	0
7	455891	122	483440	0
7	484656	11	485909	0
7	487435	136	525413	0
7	527606	280	589803	0
7	590065	32	595357	0
7	595834	64	609044	0
7	609760	21	615688	0
7	615818	132	639331	0
7	639946	118	669742	0
7	669817	66	681179	0
7	682027	79	702115	0
7	704403	73	731275	0
7	731692	117	756009	0
7	756890	24	765217	0
7	765750	119	785462	0
7	785828	253	845287	0
7	845738	23	850893	0
7	851797	333	915057	0
7	915691	252	970807	0
7	971511	74	994015	0
7	994464	62	1006862	0
7	1007947	57	1016816	0
7	1021557	98	1048158	0
7	1050057	44	1061926	0
7	1062869	42	1067608	0
8	12938	286	50281	0
8	50660	92	66700	0
8	67460	533	189521	0
8	190339	455	299178	0
8	300152	432	388397	0
8	391205	146	419617	0
8	419838	27	424326	0
8	425219	63	442176	0
8	445550	78	461705	0
8	463706	166	485864	0
8	486211	58	497055	0
8	497183	224	525230	0
9	26336	113	37170	0
9	39244	52	50259	0
9	50712	21	55431	0
9	56514	609	186072	0
9	188680	29	191675	0
9	192566	28	199588	0
9	200384	93	230025	0
9	231138	999	413482	0
9	414346	114	433284	0
10	21158	169	45217	0
10	48670	135	79138	0
10	79551	122	97211	0
10	99372	143	135166	0
10	135650	246	187044	0
10	188959	20	192229	0
10	193023	158	236023	0
10	236393	14	238732	0
10	238933	189	270368	0
10	270695	16	273516	0
10	280598	206	315327	0
10	318505	108	344492	0
10	344742	67	360767	0
10	361949	109	390617	0
10	391904	58	405983	0
10	408145	36	421427	0
10	421977	17	424593	0
10	424857	1093	682752	0
10	683365	14	685325	0
10	685607	198	728049	0
11	2905	165	33016	0
11	35244	116	54204	0
11	55347	37	66285	0
11	66342	81	83196	0
11	83481	24	85942	0
11	87002	55	97036	0
11	97191	705	276020	0
11	276893	12	279015	0
11	279367	155	305403	0
11	306177	99	326807	0
11	327648	141	359254	0
11	359596	71	376307	0
11	377273	103	399987	0
11	403011	30	411060	0
11	412188	314	472699	0
11	474475	443	565093	0
11	565509	162	597889	0
11	599407	28	609420	0
11	612141	187	658012	0
12	15424	1112	231549	0
12	232063	199	271300	0
12	271759	37	282310	0
12	282620	159	321294	0
12	321651	23	328528	0
12	329893	49	340008	0
12	342938	422	405671	0
12	406201	74	413957	0
12	414057	328	532344	0
12	534194	1014	789385	0
12	791731	105	805792	0
12	808209	488	867171	0
12	867992	35	876842	0
12	877274	35	885303	0
12	885989	55	895997	0
12	896568	145	933151	0
12	933882	282	1015184	0
12	1015543	47	1024103	0
12	1024937	128	1065293	0
13	8402	311	76102	0
13	76292	234	127039	0
13	128764	138	164309	0
13	164574	19	167169	0
13	167606	17	169254	0
13	169960	111	195045	0
13	202482	182	246508	0
13	248171	126	295569	0
13	298692	139	326203	0
13	326401	426	410451	0
13	410894	209	458446	0
13	459192	618	599609	0
13	600288	330	671163	0
13	671364	87	694082	0
13	694175	31	698667	0
13	702452	770	813199	0
13	813968	12	816738	0
13	817541	404	917560	0
14	16112	146	45049	0
14	45224	15	48550	0
14	49150	53	58742	0
14	59318	95	79050	0
14	81575	464	155258	0
14	155435	62	174682	0
14	176374	277	237307	0
14	237756	164	280224	0
14	280509	231	338476	0
14	342370	70	353234	0
14	355533	336	429495	0
14	429940	15	432357	0
14	432822	143	462327	0
14	462632	12	463325	0
14	466878	127	491913	0
14	493300	71	509415	0
14	510358	53	534078	0
14	534766	12	536463	0
14	536661	20	543724	0
14	544060	226	612465	0
14	614264	356	700613	0
14	702035	181	737804	0
14	738850	110	762860	0
14	763059	59	781274	0
15	33217	374	109604	0
15	111208	47	127239	0
15	127669	113	153774	0
15	154043	205	195722	0
15	195929	325	266897	0
15	267320	27	272365	0
15	275230	115	297073	0
15	297330	51	307380	0
15	307840	844	478915	0
15	484953	212	534200	0
15	536230	105	560334	0
15	560585	218	619579	0
15	619772	95	639819	0
15	639982	420	740148	0
15	741072	83	756659	0
15	757882	23	763262	0
15	763568	45	771781	0
15	772232	225	824646	0
15	824954	16	827251	0
15	827824	149	868028	0
15	868708	219	931168	0
15	931761	43	941950	0
15	942129	159	988441	0
15	988871	475	1071359	0
16	19898	457	130145	0
16	130597	479	249242	0
16	250364	239	306755	0
16	308234	630	453106	0
16	454868	46	464709	0
16	465383	112	492006	0
16	493377	372	586509	0
16	588860	253	646356	0
16	647349	50	658141	0
16	658289	22	662768	0
16	663321	148	693825	0
16	696087	54	708230	0
16	708556	95	734343	0
16	735908	11	739625	0
16	740798	37	751172	0
16	752898	80	772068	0
16	772936	11	775852	0
16	776228	180	825143	0
16	825962	303	898746	0
16	899924	94	917368	0
16	918243	32	921813	0
16	922391	19	925033	0