1	2718	202	58539	0
1	59145	193	104343	0
1	104460	184	135156	0
1	136576	350	203117	0
2	9710	138	45853	0
2	50611	116	72594	0
2	73226	283	137392	0
2	137788	151	167975	0
2	168129	12	168802	0
2	169818	138	203030	0
2	204186	29	209607	0
2	210621	41	219635	-1
2	220496	563	348445	0
2	348478	416	433272	0
2	434210	72	453704	0
2	454401	58	464655	0
2	464736	29	474402	0
2	475232	535	564884	0
2	565133	91	579497	1
2	579639	165	617650	0
2	618062	60	633618	1
2	635445	58	651879	-1
2	652023	111	667557	0
2	667995	146	695020	1
2	695368	119	718888	0
2	720011	114	742138	0
2	742715	14	744922	1
2	746478	247	801218	0
3	11436	144	43844	0
3	45058	121	66729	0
3	67080	443	168290	0
3	169770	145	211204	0
3	213324	569	303533	0
4	18422	492	105958	0
4	107438	15	111373	0
4	111795	18	114170	0
4	115526	684	278341	0
4	280598	12	282068	0
4	283030	19	287699	0
4	288549	54	302084	0
4	306893	267	365812	0
4	365975	131	393619	0
4	394039	76	411448	0
4	412388	447	551991	0
4	552557	377	635124	0
4	636051	28	642692	0
4	643436	187	691366	0
4	692002	265	756152	0
4	756842	149	807091	0
4	807918	112	835444	0
4	836051	15	841276	0
4	842057	216	907500	0
4	908202	108	933319	0
4	934468	93	952479	0
4	952667	105	994347	0
4	997121	148	1024632	0
4	1030368	406	1122844	0
4	1123640	574	1260022	0
4	1262181	23	1267926	0
4	1269918	45	1278468	0
4	1278992	36	1291207	0
4	1291788	197	1337309	0
4	1337856	110	1364514	0
4	1367748	178	1411737	0
4	1411831	457	1477994	0
4	1478319	16	1480972	0
4	1481367	61	1496573	0
4	1499290	98	1523009	0
5	7343	165	32276	0
5	34979	769	209849	0
5	210614	15	213822	0
5	216124	15	217536	0
5	219959	22	225841	0
5	226347	333	304998	0
5	305860	147	335687	0
5	336936	20	341670	0
5	344031	115	374069	0
5	374386	34	378167	0
5	379043	69	397051	0
5	398005	15	401662	0
5	402039	236	464985	0
5	467203	49	477976	0
5	478420	23	483728	0
5	483903	44	491617	0
5	492329	130	523179	0
5	524223	266	566643	0
6	14830	152	29346	0
6	29449	905	194520	0
6	197428	58	207985	0
6	208075	76	222456	0
6	223659	15	226946	0
6	227543	54	235813	0
6	235957	249	267016	0
7	1073	69	8794	0
7	10527	392	99508	0
7	100009	436	194880	0
7	195543	165	227280	0
7	227427	11	229399	0
7	229801	24	234801	0
7	236356	271	305802	0
7	306128	242	360287	0
7	360861	49	371244	0
7	371625	142	396947	0
7	398049	109	429727	0
7	430496	35	438990	0
7	440438	204	492864	0
7	496380	303	578374	0
7	578445	341	640849	0
7	642195	174	679849	0
7	680390	50	692218	0
7	692659	79	725467	0
7	726495	160	760939	0
7	765750	117	784625	0
7	785318	106	799895	0
7	801316	157	849797	0
7	850035	310	908324	0
7	910289	192	955308	0
7	955886	282	1017034	0
7	1017661	159	1063846	0
7	1065344	41	1076590	0
8	12938	265	47171	0
8	48088	120	68905	0
8	70883	58	83128	0
8	83781	41	98546	0
8	99116	32	112455	0
8	114162	29	119813	0
8	120184	282	173805	0
8	176351	70	190339	0
8	191304	120	217298	0
8	218120	147	248808	0
8	249226	18	256020	0
8	256342	383	340523	0
8	340650	11	341515	0
8	341799	132	373732	0
8	375003	255	423389	0
8	425219	147	462176	0
8	463706	266	503623	0
8	505764	182	525230	0
9	26336	124	40928	0
9	42595	51	53832	0
9	55071	124	83754	0
9	86070	191	128561	0
9	129878	22	132156	0
9	132633	330	197744	0
9	197790	11	199588	0
9	200384	640	337127	0
9	344746	175	381607	0
9	381823	162	400508	-1
9	401147	166	427658	0
9	427791	28	429794	-1
10	21158	203	54311	1
10	55335	20	58860	0
10	59484	38	68659	-1
10	69806	121	87183	-1
10	87390	32	94494	0
10	96041	162	135693	0
10	136384	11	138890	0
10	139013	68	152343	-1
10	152637	24	156530	0
10	157046	149	190302	-1
10	191385	383	273516	-1
10	274782	78	294473	0
10	294543	314	358261	0
10	358915	388	466365	0
10	467559	16	470299	0
10	470582	1139	728049	0
11	2905	380	80289	0
11	80724	19	83196	0
11	83481	406	182867	0
11	186196	213	240233	0
11	240375	15	243064	0
11	243823	652	382980	0
11	383398	17	387240	0
11	387796	106	415974	0
11	416779	608	528401	0
11	529150	17	530607	0
11	531590	61	549094	0
11	549222	22	553697	0
11	553952	101	576400	0
11	577326	267	641015	0
11	642200	48	658012	0
12	15424	271	69569	0
12	70056	178	99709	0
12	100366	31	105494	0
12	106133	43	111778	0
12	111878	78	121203	0
12	125283	19	130865	0
12	131673	342	201724	0
12	202626	14	204107	0
12	204524	117	230218	0
12	230960	68	242506	0
12	243426	61	254773	0
12	255175	113	281295	0
12	284729	26	288976	0
12	289646	200	340008	0
12	342271	503	414915	0
12	415898	92	432874	0
12	434869	226	532344	0
12	534194	145	579037	0
12	581502	442	692181	0
12	692970	86	716763	0
12	720526	1451	1001623	0
12	1002296	32	1011268	0
12	1012917	11	1015184	0
12	1015543	64	1027717	0
12	1028958	105	1058891	0
13	8402	95	35874	0
13	36672	510	139699	0
13	140517	27	146065	0
13	146240	209	205670	0
13	206013	32	210532	0
13	211894	112	240226	0
13	241872	305	329517	0
13	330384	35	339619	0
13	340672	369	406675	0
13	407179	162	445712	0
13	446239	177	486437	0
13	489569	258	546766	0
13	548624	560	667089	0
13	667469	15	673042	0
13	673806	117	700569	0
13	702605	83	715089	0
13	715619	47	724206	0
13	724299	62	750320	0
13	750981	183	788209	0
13	788873	44	798109	0
13	798550	365	819515	0
13	820351	100	843864	0
13	845605	57	857797	0
13	858414	241	917560	0
14	16112	45	24221	0
14	24599	138	52856	0
14	53897	615	161474	0
14	161912	246	220597	0
14	220655	225	275396	0
14	276318	332	355617	0
14	355851	314	425480	0
14	425774	282	482557	0
14	483985	756	690061	0
14	690677	388	781201	0
15	33217	220	80033	0
15	80586	100	100622	0
15	100984	48	108331	0
15	111208	39	125231	0
15	125570	234	170728	0
15	171805	347	253006	0
15	253882	1034	460379	0
15	460815	96	485031	0
15	485898	46	492629	0
15	492927	131	519048	0
15	519432	21	522303	0
15	522596	36	543780	0
15	544924	46	550922	0
15	551813	21	558487	0
15	559591	403	659154	0
15	660722	15	662842	0
15	663595	314	737529	0
15	739749	455	840945	0
15	842069	394	954231	0
15	955006	275	1014504	0
15	1015192	318	1071359	0
16	19898	463	131289	0
16	133367	165	177345	0
16	177695	1039	421121	0
16	422575	178	463723	0
16	464655	34	472929	0
16	473241	15	475802	0
16	476646	116	505008	0
16	507476	371	596424	0
16	598171	146	628893	0
16	629370	106	658683	0
16	658902	166	693141	0
16	693825	74	710043	0
16	710793	615	883214	0
16	883913	213	920779	0
16	920827	13	922391	0
16	922852	18	925033	0