1	2718	224	66575	0
1	67032	34	71782	0
1	72862	193	117678	0
1	118116	234	168413	0
1	169689	79	181107	0
1	181318	61	186990	0
1	189687	12	190169	0
1	194011	80	203117	0
2	9710	55	23766	0
2	23961	83	45853	0
2	46755	209	89194	0
2	91802	114	116257	0
2	116701	107	143491	0
2	143627	14	145486	0
2	145735	273	206083	0
2	207171	54	218741	0
2	219119	306	302360	0
2	302559	38	305881	0
2	307537	71	323577	0
2	323896	23	327005	0
2	327053	137	350008	0
2	350442	384	427568	0
2	431655	158	470300	0
2	470903	75	489897	0
2	491265	570	581474	0
2	583838	112	607960	0
2	608834	230	660972	0
2	662073	193	697049	0
2	698648	190	734277	0
2	736183	250	792530	0
2	793635	42	801218	0
3	11436	118	37687	0
3	38619	153	67884	0
3	68236	15	70862	0
3	72581	144	104135	0
3	105510	383	202737	0
3	203232	20	207341	0
3	208480	12	210964	0
3	211204	579	303533	0
4	2406	14	19790	0
4	19907	224	62366	0
4	62829	219	99505	0
4	99689	255	159602	0
4	159930	25	164984	0
4	165509	249	232597	0
4	233237	308	300921	0
4	301375	111	323798	0
4	324403	40	336327	0
4	338279	124	363098	0
4	363742	15	366862	0
4	367147	325	444540	0
4	445021	121	484429	0
4	485776	84	508191	0
4	508803	294	591069	0
4	591909	110	616510	0
4	618001	83	636051	0
4	640078	25	644966	0
4	652022	606	812667	0
4	813253	100	836356	0
4	836588	115	861727	0
4	862992	195	924961	0
4	926719	125	954024	0
4	956094	338	1053051	0
4	1053166	324	1125429	0
4	1125758	60	1141725	0
4	1142883	593	1279416	0
4	1280319	25	1289490	0
4	1290044	142	1321506	0
4	1324089	297	1402134	0
4	1403130	693	1523009	0
5	7343	118	18721	0
5	19392	216	68718	0
5	69310	26	71903	0
5	72016	387	158171	0
5	158684	111	189415	0
5	189983	252	249845	0
5	252588	319	324410	0
5	325958	12	328044	0
5	328773	18	334460	0
5	335254	496	462734	0
5	463255	197	508371	0
5	508859	330	566643	0
6	15115	181	32207	0
6	32259	174	59129	0
6	59567	205	93250	0
6	93271	377	171355	0
6	174110	154	204274	0
6	204454	78	220148	0
6	221384	30	225457	0
6	226463	309	267016	0
7	1073	68	5209	0
7	8794	182	52204	0
7	52326	133	77052	0
7	78273	382	168780	0
7	169843	41	177936	0
7	179733	167	207263	0
7	207422	28	213113	0
7	213964	124	244314	0
7	247485	59	270374	0
7	272568	365	345511	0
7	345912	397	436989	0
7	438146	17	442910	0
7	444182	21	449184	0
7	449454	621	599047	0
7	599896	53	612075	0
7	612980	460	727304	0
7	728724	273	782807	0
7	783677	95	797707	0
7	797862	22	800442	0
7	801136	489	912560	0
7	913393	184	958339	0
7	959157	106	977989	0
7	978531	155	1012976	0
7	1013909	118	1048158	0
7	1051848	40	1061926	0
7	1063699	45	1076590	0
8	12938	360	63916	0
8	64197	26	69088	0
8	69126	46	75835	0
8	76139	211	141692	0
8	143543	265	189026	0
8	191304	196	233566	0
8	234595	606	367565	0
8	368365	680	502354	0
8	502930	187	525230	0
9	26336	170	51147	0
9	51395	18	56841	0
9	57096	15	60434	0
9	61787	479	159685	0
9	160393	183	201167	0
9	201465	303	267668	0
9	268483	15	273421	0
9	274263	205	310893	0
9	313552	357	386090	0
9	386266	230	423791	0
9	423869	18	425137	0
9	425491	11	426184	0
9	426423	50	433284	0
10	21158	528	121450	0
10	122256	111	145826	0
10	147017	209	192229	0
10	194259	188	240364	0
10	240782	174	270752	0
10	272069	60	287508	0
10	288239	272	337345	0
10	338561	201	390932	0
10	391152	18	395232	0
10	395874	58	411632	0
10	415231	481	542637	0
10	542954	28	546674	0
10	547458	453	637665	0
10	637795	219	696586	0
10	697470	150	726383	0
10	726859	13	728049	0
11	2905	392	81976	0
11	82281	81	95608	0
11	96471	255	165571	0
11	166202	88	186571	0
11	191606	650	333397	0
11	334655	169	368658	0
11	370478	540	484909	0
11	485495	211	520873	0
11	521296	155	559707	0
11	560154	95	579169	0
11	580811	226	631349	0
11	634635	63	658012	0
12	15424	233	52725	0
12	52829	18	63918	0
12	64212	338	117547	0
12	118518	230	173105	0
12	173735	21	176285	0
12	176423	329	242506	0
12	243426	65	255317	0
12	255485	56	265047	0
12	265441	11	268836	0
12	269133	229	328528	0
12	329893	55	341678	0
12	343396	500	414915	0
12	415898	20	418008	0
12	418307	413	566338	0
12	576551	497	703572	0
12	704823	72	728027	0
12	731264	102	744968	0
12	745096	16	746867	0
12	747358	137	780774	0
12	781443	154	806915	0
12	807114	339	824361	0
12	824872	652	999142	0
12	1000756	42	1009527	0
12	1010166	188	1065293	0
13	8402	31	18080	0
13	18437	107	45053	0
13	45743	328	104863	0
13	105382	432	214698	0
13	215306	19	219785	0
13	221745	75	241036	0
13	241872	310	331046	0
13	331787	799	501143	0
13	501451	23	507000	0
13	507502	754	673975	0
13	675697	439	775031	0
13	775321	628	858414	0
13	859521	75	884125	0
13	884525	165	917560	0
14	16112	265	67731	0
14	68923	88	88100	0
14	90644	572	198207	0
14	198574	118	220827	0
14	221603	156	256217	0
14	256789	155	300251	0
14	300422	207	349357	0
14	349976	11	350966	0
14	351720	641	489397	0
14	489606	142	531012	0
14	532220	650	705111	0
14	705627	96	726052	0
14	726111	232	781274	0
15	33217	602	163945	0
15	164269	17	165797	0
15	166046	140	199145	0
15	199433	195	244324	0
15	244783	37	251789	0
15	252563	146	283276	0
15	283690	234	331250	0
15	332235	485	425274	0
15	427719	174	460815	0
15	460871	135	490456	0
15	491651	159	523213	0
15	523527	538	665409	0
15	667108	307	739749	0
15	740148	115	765404	0
15	766151	292	831592	0
15	832169	11	833356	0
15	834371	389	944698	0
15	945000	162	989742	0
15	989863	143	1010673	0
15	1011440	59	1024097	0
15	1027719	253	1072997	0
16	16416	70	41399	0
16	42374	132	74140	0
16	74937	14	76822	0
16	77239	101	104443	0
16	105285	149	131820	0
16	131951	111	162788	0
16	167460	132	196610	0
16	197348	489	314911	0
16	322136	16	325896	0
16	327254	82	340435	0
16	341086	149	371914	0
16	375403	11	378909	0
16	379460	248	433373	0
16	433481	178	478083	0
16	479406	15	482489	0
16	482737	29	488079	0
16	488646	40	499073	0
16	501437	20	508697	0
16	508976	39	512517	0
16	513853	25	520114	0
16	520828	71	538748	0
16	541747	371	628176	0
16	628893	36	639358	0
16	643790	257	700311	0
16	702124	56	714300	0
16	718423	242	783796	0
16	786508	334	882103	0
16	883214	11	884895	0
16	885571	12	886734	0
16	887502	170	918243	0
16	918505	52	927911	0