1	2718	202	58539	2
1	59145	32	69009	1
1	69112	1	69112	2
1	69280	54	77674	1
1	78187	121	109783	2
1	109984	14	112646	1
1	113812	120	128774	2
1	129023	294	190169	1
1	190880	2	191026	0
1	191697	87	203031	2
1	203104	2	203117	1
2	9710	126	42929	2
2	43179	16	47948	1
2	48506	105	69355	0
2	69648	24	74303	1
2	74852	111	100878	0
2	101507	291	159412	1
2	159902	130	190641	2
2	191232	225	256961	1
2	257565	231	305881	2
2	306932	287	361006	0
2	361594	224	407573	1
2	407916	208	455563	0
2	456385	1	456385	1
2	456493	25	461012	0
2	461507	52	474402	1
2	475232	852	633876	0
2	634225	2	634368	1
2	635445	71	653712	2
2	653760	59	659388	1
2	660921	2	660972	2
2	662073	136	682941	1
2	683370	73	699833	2
2	699984	118	723360	1
2	723572	1	723572	2
2	723838	75	737484	1
2	737904	1	737904	2
2	737941	16	742138	1
2	742715	123	768449	2
2	768857	7	769903	1
2	770335	134	804364	2
3	11436	318	75469	1
3	75770	3	75866	2
3	76198	517	206226	1
3	206856	1	206856	0
3	207341	1	207341	1
3	208480	12	210964	2
3	211204	18	214455	1
3	214718	61	226156	0
3	226915	8	229363	1
3	230134	7	231037	0
3	231417	202	258960	1
3	259631	2	259724	2
3	260779	281	303533	1
4	2406	2	2587	1
4	18422	152	43075	0
4	44032	1	44032	1
4	46064	265	92350	0
4	92440	68	105623	1
4	105784	6	105958	2
4	107438	72	125066	1
4	125172	23	133432	0
4	134099	248	186485	1
4	187954	124	222020	0
4	223134	279	286360	1
4	287439	4	287699	2
4	288549	9	290322	1
4	291582	109	314561	0
4	315627	199	360631	1
4	361157	34	367618	2
4	368092	2	368708	1
4	369247	193	411448	2
4	412388	13	414564	1
4	415353	342	521769	0
4	522145	34	539767	1
4	540063	81	555783	2
4	556248	5	557113	1
4	557710	41	567474	2
4	567804	2	567972	1
4	568833	143	597218	2
4	598266	164	635124	1
4	636051	1	636051	2
4	636665	148	678460	1
4	679210	133	702552	0
4	702738	162	744524	1
4	745712	12	747585	2
4	747737	64	768306	1
4	769038	85	795803	0
4	796093	41	813253	1
4	813874	1	813874	2
4	814586	206	859880	1
4	860620	219	929368	2
4	930077	108	953474	1
4	953912	338	1051761	2
4	1052055	596	1184730	1
4	1185460	206	1242924	2
4	1246762	195	1283112	1
4	1285056	176	1327348	2
4	1328526	12	1332781	1
4	1333088	10	1334142	2
4	1334389	376	1422093	1
4	1422450	384	1475249	0
4	1475979	196	1523009	1
5	7343	205	42646	1
5	43070	126	67329	0
5	67482	23	71422	1
5	71491	60	80182	0
5	80255	9	81049	1
5	81360	638	241522	0
5	242204	5	242801	1
5	243058	70	256194	0
5	258068	665	416321	1
5	417137	168	461594	2
5	462662	16	467203	1
5	467618	58	480752	0
5	481268	45	488650	1
5	488828	2	488835	0
5	490207	102	514855	1
5	514940	204	560389	2
5	560689	35	562149	1
5	562183	67	566643	2
6	14830	447	74173	2
6	74254	1	74254	1
6	74753	128	95232	2
6	95321	519	202995	1
6	203253	5	204454	0
6	204812	4	205058	1
6	205164	2	205547	2
6	205702	1	205702	1
6	205970	70	220148	2
6	221384	152	244381	1
6	244543	9	245419	2
6	245900	30	251438	1
6	252051	2	252269	2
6	252586	146	267016	1
7	1073	131	20789	1
7	21337	59	34789	2
7	35545	1	35545	1
7	35709	54	48448	2
7	51252	37	56405	1
7	56473	2	56682	0
7	57351	9	59802	1
7	60243	90	77052	2
7	78273	27	85337	1
7	85364	170	125966	0
7	126683	408	208043	1
7	208340	204	267759	0
7	269232	9	273125	1
7	273347	9	273905	2
7	274428	523	387205	1
7	387718	99	407124	0
7	407652	11	412407	1
7	412597	126	440438	2
7	441362	8	442910	1
7	444182	18	447888	0
7	449091	39	459340	1
7	459848	31	470124	0
7	470370	440	580723	1
7	580852	4	581134	2
7	581392	428	668222	1
7	669742	146	702115	0
7	704403	448	802249	1
7	802904	1034	1044308	0
7	1045013	65	1063846	1
7	1064130	43	1076590	2
8	12938	485	95639	2
8	96228	76	121987	1
8	122674	79	141130	2
8	141607	185	170843	1
8	171000	31	178413	0
8	179142	35	184374	1
8	184453	20	189521	0
8	190339	1	190339	1
8	191304	1	191304	2
8	191478	4	192850	1
8	194824	271	252416	0
8	252779	786	422218	1
8	422684	107	451263	0
8	452163	51	461705	1
8	462176	157	483502	0
8	483821	5	484833	1
8	485261	2	485402	0
8	485807	33	491097	1
8	491577	4	492745	0
8	492855	107	513837	1
8	514453	141	525230	2
9	26336	113	37170	1
9	39244	60	51756	0
9	52260	8	53832	1
9	55071	8	57096	0
9	57153	195	97075	1
9	97580	12	99043	0
9	99972	228	147273	1
9	147411	63	160585	0
9	161384	66	178524	1
9	179020	11	180257	2
9	180425	125	213257	1
9	214202	119	243519	0
9	243872	23	248682	1
9	249247	137	267668	0
9	268466	98	289433	1
9	290653	240	337673	2
9	337905	14	340507	1
9	340858	201	384922	2
9	385024	342	431439	1
9	433253	2	433284	0
10	21158	1	21158	1
10	21297	128	37634	0
10	37849	48	47899	1
10	48670	65	62076	2
10	62868	86	80439	1
10	80604	1682	465816	2
10	466365	1	466365	1
10	467559	475	587344	2
10	587888	86	604049	1
10	604069	207	636720	2
10	637470	68	655027	1
10	655558	2	656021	2
10	656275	57	672859	1
10	673380	245	726114	2
10	726383	15	728049	1
11	2905	161	32494	1
11	32749	4	33016	0
11	35244	15	37401	1
11	37498	10	38351	2
11	39003	384	127000	1
11	127262	3	127793	0
11	128515	518	256839	1
11	256965	38	262641	0
11	263151	1	263151	1
11	263194	1	263194	0
11	263933	133	293072	1
11	293792	2	294093	0
11	294317	100	308236	1
11	308325	42	316351	0
11	316704	161	355332	1
11	355649	119	379888	2
11	382857	9	384792	1
11	385424	434	477914	2
11	478037	500	578804	1
11	579169	13	581385	0
11	581481	54	590419	1
11	590742	242	664111	2
12	15424	155	35890	1
12	36477	11	37163	0
12	37448	195	83840	1
12	84153	34	88820	2
12	89489	221	127858	1
12	128659	3	129103	0
12	129657	144	160951	1
12	161156	4	161675	0
12	162127	2	162129	1
12	162493	4	163290	0
12	163609	5	164032	1
12	164250	310	227490	0
12	228126	7	229211	1
12	229597	191	263142	2
12	264066	79	286225	1
12	286840	62	300023	0
12	300182	1	300182	1
12	300802	118	332441	0
12	332859	64	347156	1
12	347320	119	372291	2
12	373243	66	384511	1
12	384565	12	387156	0
12	387519	321	421117	1
12	421486	11	422511	0
12	423102	3	423640	1
12	425059	171	508385	0
12	508667	35	512095	1
12	513031	106	548591	0
12	548783	85	573483	1
12	574439	113	611787	0
12	611864	6	612349	1
12	612600	198	660294	0
12	660622	1	660622	1
12	660628	1	660628	0
12	660879	185	703572	1
12	704823	20	709420	0
12	710950	182	747799	1
12	747898	31	756805	0
12	757763	148	789385	1
12	791731	1072	988464	0
12	988843	225	1052670	1
12	1052950	34	1065293	2
13	8402	71	29765	1
13	30303	182	64643	2
13	65033	85	78509	1
13	78726	178	117173	0
13	119087	9	120494	1
13	120749	78	139583	0
13	139632	22	144786	1
13	145154	37	157392	2
13	158385	3	158970	1
13	159212	9	160953	2
13	161685	1	161685	1
13	162554	71	175421	2
13	175576	48	181568	1
13	182183	123	219785	2
13	221745	88	243413	1
13	243607	16	248858	0
13	250010	281	331046	1
13	331787	26	338923	2
13	339496	85	356924	1
13	363346	9	364643	2
13	364657	92	385180	1
13	385555	15	388308	0
13	388539	217	417450	1
13	419558	377	506838	2
13	507000	696	658015	1
13	658812	17	662421	0
13	662585	348	744774	1
13	747860	801	871633	0
13	873141	201	917560	1
14	16112	173	51201	1
14	51548	256	110961	2
14	111216	1	111216	1
14	111448	402	169998	0
14	170087	4	170870	1
14	171365	99	198937	0
14	199432	149	226629	1
14	228428	3	228789	0
14	230095	57	241423	1
14	242204	112	272027	0
14	272905	3	273091	1
14	273306	1	273306	0
14	274328	4	274676	1
14	274838	216	329618	0
14	330165	214	376874	1
14	377627	84	397207	0
14	397399	952	640393	1
14	641607	34	650269	0
14	650441	4	650873	1
14	651281	2	651680	0
14	651930	111	676731	1
14	676905	30	679605	0
14	679917	333	754875	1
14	756668	98	781274	0
15	33217	38	39168	2
15	39321	265	98162	1
15	98443	17	100622	0
15	100984	90	124780	1
15	124867	94	146419	2
15	147007	21	151396	1
15	151522	196	188416	2
15	188845	12	193217	1
15	194198	1	194198	0
15	195064	109	219137	1
15	219822	1887	636422	0
15	637574	28	640217	1
15	640538	353	722470	0
15	723816	47	734077	1
15	734650	9	737529	2
15	738108	1	738108	1
15	738454	36	745698	2
15	746045	67	760954	1
15	761947	4	762072	0
15	762530	837	979903	1
15	980009	2	981367	2
15	981397	28	989056	1
15	989211	338	1053752	0
15	1053953	138	1076482	1
16	16416	29	27052	1
16	28099	39	40950	0
16	41286	131	72410	1
16	73071	265	131289	0
16	131758	182	179634	1
16	180580	212	231473	0
16	232109	13	233712	1
16	234054	33	239952	0
16	240128	104	265861	1
16	266422	33	274370	0
16	274818	2	274844	1
16	275198	121	303807	0
16	304862	17	308329	1
16	308719	227	357034	0
16	357487	43	366916	1
16	367109	11	369643	0
16	370453	253	429879	1
16	430062	3	430481	2
16	431492	6	432085	1
16	432416	7	433373	2
16	433481	247	495977	1
16	496495	9	497709	0
16	497958	27	503459	1
16	503873	251	566096	2
16	567154	5	568823	1
16	569053	168	605090	2
16	605723	1	605723	1
16	606730	294	677647	2
16	678208	1	678208	1
16	678464	172	716378	2
16	716554	25	721892	1
16	722117	15	726485	0
16	726715	295	811842	1
16	812552	399	905589	2
16	905965	59	917368	1
16	918243	3	918565	2
16	918658	15	920247	1
16	920487	35	927911	2