1	2718	195	56480	2
1	57351	8	59145	1
1	59859	15	64954	2
1	65134	92	82323	1
1	83452	455	181107	2
1	181318	54	186648	1
1	186788	110	203117	0
2	9710	473	116947	1
2	117246	382	204924	2
2	204995	63	219635	1
2	220496	933	422787	0
2	423225	83	444175	1
2	444760	3	444941	0
2	446028	193	492899	1
2	494193	45	501073	2
2	501677	700	626629	1
2	627176	21	632180	0
2	632896	32	640153	1
2	640627	127	663723	2
2	664174	1	664174	1
2	664714	667	801218	2
2	803202	3	804364	1
3	11436	225	59829	2
3	60018	36	65735	1
3	66486	164	101758	2
3	102885	101	117295	1
3	117923	3	118665	0
3	119105	47	130883	1
3	131027	7	132286	0
3	133238	15	137256	1
3	137311	1	137311	2
3	138096	240	206856	1
3	207341	1	207341	2
3	208480	16	211573	1
3	211713	55	222497	0
3	223120	22	227027	1
3	227839	44	236949	0
3	237102	13	238731	1
3	238854	1	238854	0
3	239007	112	250700	1
3	250841	328	303533	0
4	2406	200	55881	1
4	56076	13	57781	2
4	58341	23	61190	1
4	62205	18	64950	0
4	65858	1	65858	1
4	66401	469	161524	0
4	162357	37	172218	1
4	172830	4	173236	2
4	174185	92	197364	1
4	198656	57	211169	0
4	211312	257	272385	1
4	273003	129	302449	2
4	302961	54	312186	1
4	313308	245	369582	2
4	371383	31	377351	1
4	378517	361	476489	2
4	477238	11	478582	1
4	478942	98	502758	2
4	503223	222	572934	1
4	573672	8	574970	2
4	575552	161	608473	1
4	609890	9	610801	2
4	611004	103	632397	1
4	632835	4	633250	2
4	634191	42	643897	1
4	644376	115	678460	2
4	679210	32	685839	1
4	685915	1	685915	0
4	686136	5	686709	1
4	687006	673	861727	0
4	862622	117	908962	1
4	909656	195	952063	0
4	952270	135	1003479	1
4	1003597	127	1024632	2
4	1030368	134	1058083	1
4	1058554	43	1066368	2
4	1066648	326	1153177	1
4	1153930	36	1163806	0
4	1164350	3	1164373	1
4	1164448	355	1249173	0
4	1250645	73	1257906	1
4	1257945	3	1258203	2
4	1258432	2	1258442	1
4	1258758	307	1334484	2
4	1334925	217	1393320	1
4	1393417	7	1394902	0
4	1395699	3	1396310	1
4	1397004	102	1414919	0
4	1415995	338	1459261	1
4	1459584	2	1460233	2
4	1460445	284	1523009	1
5	7343	118	18721	2
5	18839	1	18839	1
5	19392	17	25590	2
5	25874	150	57377	1
5	57707	4	58346	2
5	58866	62	71062	1
5	71182	1	71182	2
5	71422	20	73604	1
5	73959	58	82782	2
5	82970	8	84168	1
5	84821	12	87195	2
5	87608	135	115452	1
5	117506	368	213822	0
5	216124	36	222290	1
5	222545	207	269918	0
5	270473	221	320053	1
5	320548	147	355522	0
5	355846	7	356208	1
5	356365	171	399993	0
5	401320	2	401662	1
5	402039	222	460898	0
5	461582	4	462734	1
5	463255	45	474191	0
5	474743	217	524223	1
5	524484	4	525834	2
5	526150	261	566643	1
6	14830	161	29993	1
6	30312	728	158046	2
6	158074	178	198087	1
6	198427	28	202995	0
6	203253	44	212115	1
6	213026	12	214382	2
6	214808	61	226921	1
6	226946	1	226946	2
6	227543	97	242028	1
6	242330	193	265286	0
6	265634	13	267016	1
7	1073	1	1073	1
7	1137	67	5209	0
7	8794	220	57579	2
7	58440	4	59333	1
7	59802	280	122876	2
7	123192	6	125066	1
7	125951	53	140237	2
7	140806	34	147916	1
7	148067	3	148152	2
7	148595	203	187718	1
7	187952	24	191886	2
7	192480	6	193017	1
7	193476	161	224372	2
7	225917	3	226061	1
7	226695	73	245148	2
7	247485	58	269587	1
7	270374	473	370393	0
7	371244	7	372695	2
7	374507	281	436154	1
7	436543	3	436989	2
7	438146	35	447888	1
7	449091	4	449454	2
7	450034	6	451694	1
7	452589	5	454212	0
7	454910	187	501301	1
7	502442	339	583830	0
7	583953	142	613257	1
7	613734	142	639331	2
7	639946	5	640849	1
7	641544	167	677412	2
7	678405	44	687063	1
7	687855	4	688765	2
7	689389	43	702115	1
7	704403	381	793703	0
7	793952	733	956978	1
7	958339	1	958339	0
7	959157	112	982728	1
7	983358	17	987319	2
7	987674	86	1006862	1
7	1007947	34	1011024	2
7	1011379	3	1011510	1
7	1011639	181	1064130	2
7	1064969	42	1076590	1
8	12938	273	48768	1
8	48949	15	50710	0
8	51012	4	51217	1
8	51309	8	52685	0
8	53097	140	78270	1
8	79512	184	139199	0
8	139587	16	141130	1
8	141607	4	143214	2
8	143543	108	156477	1
8	156686	26	160385	0
8	160782	2	160870	1
8	161492	131	189521	2
8	190339	97	206836	1
8	207354	1	207354	0
8	207642	6	208406	1
8	208748	1	208748	0
8	208790	287	281430	1
8	282666	519	392275	2
8	393017	73	405569	1
8	406216	74	420997	0
8	421276	4	421639	1
8	422218	160	462176	0
8	463706	448	525230	1
9	26336	130	41664	2
9	42595	51	53832	1
9	55071	118	81413	2
9	82694	68	95057	1
9	95527	436	188680	0
9	188907	89	214484	1
9	214913	371	288099	2
9	289119	270	344902	1
9	346529	532	433284	0
10	21158	128	36722	1
10	37634	16	39525	0
10	40068	13	42826	1
10	43207	423	135166	0
10	135650	9	136384	1
10	137516	14	139505	0
10	139986	14	142223	1
10	142585	22	145826	2
10	147017	718	303003	1
10	303071	3	303104	2
10	303151	8	304146	1
10	304503	4	304682	0
10	305082	235	353336	1
10	354372	134	389963	0
10	390467	9	392058	1
10	392787	330	498148	2
10	498551	256	548204	1
10	548477	112	576821	2
10	577306	2	578723	1
10	578943	287	625848	2
10	626814	226	684301	1
10	684334	203	728049	2
11	2905	185	37587	1
11	37977	7	39127	0
11	39666	267	91773	1
11	92135	7	93352	0
11	93562	2	93575	1
11	94383	88	120917	0
11	121473	301	201496	1
11	201754	13	203999	0
11	204350	152	238207	1
11	238663	443	333340	0
11	333397	126	359596	1
11	359871	20	362705	0
11	364013	23	368313	1
11	368658	11	372308	0
11	372935	52	384000	1
11	384363	67	399987	0
11	400972	24	407229	1
11	407615	485	504740	2
11	504995	23	507764	1
11	508136	72	518593	2
11	519020	1	519020	1
11	519160	1	519160	2
11	519321	1	519321	1
11	519384	1	519384	2
11	519513	159	557196	1
11	558102	90	574927	2
11	575248	15	579169	1
11	579577	99	606370	0
11	606560	1	606560	1
11	606902	19	610502	0
11	612141	6	613259	2
11	613676	183	664111	1
12	15424	105	23900	0
12	24051	690	169017	1
12	169694	298	228978	0
12	229160	23	232471	1
12	233075	100	251232	0
12	251635	46	259353	1
12	259471	2	259498	0
12	260086	88	284423	1
12	284594	945	501707	0
12	502438	117	536152	1
12	536691	650	710950	0
12	711069	234	763640	1
12	764314	27	767674	0
12	768086	151	796798	1
12	796851	455	841073	0
12	841221	278	908936	1
12	909951	275	985307	0
12	986214	18	989852	1
12	990344	36	1002296	0
12	1002952	41	1014670	1
12	1015184	176	1065293	0
13	8402	213	56748	1
13	57638	136	80292	2
13	80474	20	82471	1
13	83128	89	102879	2
13	103106	14	106047	1
13	106327	6	106672	2
13	106831	223	167027	1
13	167169	216	219785	2
13	221745	26	228901	1
13	229539	31	238157	0
13	238290	39	245675	1
13	246172	134	297405	0
13	298692	150	329517	1
13	330384	3	330772	0
13	330900	7	333399	1
13	333421	1	333421	0
13	333509	1	333509	1
13	334177	47	345265	0
13	345513	10	346842	1
13	347562	38	354882	0
13	355137	119	387174	1
13	387576	490	477118	2
13	477610	291	549320	1
13	549834	547	664502	2
13	665327	230	714255	1
13	714354	7	715619	2
13	715773	88	742433	1
13	743174	50	757443	0
13	757897	491	802080	1
13	802966	265	869412	0
13	869807	5	873246	1
13	874221	1	874221	2
13	875434	198	917560	1
14	16112	127	42499	1
14	42611	304	111448	2
14	112869	45	121562	0
14	121703	361	171365	1
14	173272	199	218936	2
14	219260	624	369528	1
14	370178	1	370178	2
14	371583	4	371862	1
14	372107	2	372155	2
14	372366	283	432357	1
14	432822	16	436540	0
14	437003	162	469673	1
14	469786	474	603890	0
14	606080	146	644062	2
14	644580	13	647181	1
14	649012	74	668237	2
14	669093	3	669273	1
14	670017	154	700613	2
14	702035	55	712954	0
14	713219	119	735759	1
14	736619	85	757420	0
14	757912	91	781274	1
15	33217	94	47884	1
15	48344	607	184246	2
15	184504	125	212816	1
15	213488	4	214789	2
15	215497	7	216499	1
15	217333	3	218172	2
15	219124	9	220633	1
15	221114	111	246178	0
15	247071	41	254619	1
15	254822	8	256412	0
15	257356	151	287323	1
15	287533	1	287533	0
15	288095	7	288310	1
15	289218	135	316044	0
15	316361	6	317298	1
15	317858	296	373773	0
15	374373	507	478915	1
15	480090	13	485031	2
15	485898	161	513070	1
15	514405	102	547325	0
15	547477	7	548302	1
15	548775	70	569110	2
15	569787	360	656980	1
15	657129	1	657129	0
15	657752	282	720746	1
15	721370	54	736006	0
15	736690	1	736690	1
15	737266	80	753848	0
15	754853	877	984206	1
15	984647	20	988441	2
15	988871	141	1009425	1
15	1010116	13	1013328	0
15	1013810	324	1076482	1
16	16416	70	41399	1
16	42374	2	42377	2
16	43061	2	43074	1
16	43682	394	132500	2
16	133367	14	135743	1
16	137217	97	163759	0
16	166081	216	213534	1
16	213837	130	244964	0
16	245159	105	271512	1
16	271944	183	318145	0
16	318535	2	318829	1
16	319694	901	526263	0
16	526725	1	526725	1
16	526767	1	526767	0
16	527906	67	543911	1
16	544071	136	581651	0
16	582475	205	623516	1
16	624175	645	787576	0
16	787859	122	823454	1
16	824700	96	857636	0
16	859791	213	899050	1
16	899206	4	899924	2
16	900042	112	920487	1
16	920779	13	921813	2
16	922391	21	927911	1