1	2718	256	71038	0
1	71714	46	79705	0
1	80326	99	107505	0
1	109783	40	117600	0
1	117669	120	133429	0
1	133857	209	182433	0
1	184378	42	186990	0
1	189687	12	190169	0
1	193131	85	203117	0
2	9710	133	44098	0
2	47948	24	54133	0
2	54925	78	67361	0
2	70006	295	136064	0
2	136976	456	245946	0
2	247789	467	345288	0
2	346363	56	355034	0
2	355592	46	364063	0
2	364339	12	365654	0
2	367600	383	453704	0
2	454401	141	487781	0
2	494193	780	634368	0
2	635445	11	638530	0
2	639745	13	642165	0
2	644527	17	649927	0
2	650175	80	659388	0
2	660921	256	704560	0
2	705627	287	768214	0
2	768259	140	801218	0
3	11436	35	21355	0
3	21751	108	42419	0
3	43844	126	67554	0
3	67764	67	78681	0
3	79297	89	101758	0
3	104931	151	133716	0
3	134369	204	190631	0
3	195343	78	214742	0
3	217053	39	223434	0
3	224075	63	237102	0
3	237474	185	263835	0
3	264642	121	286611	0
3	287275	146	303533	0
4	2406	105	32295	0
4	32706	54	46608	0
4	49026	316	102955	0
4	102979	247	161220	0
4	161524	13	164298	0
4	164984	38	175163	0
4	175763	47	185041	0
4	185244	45	200337	0
4	201329	90	221175	0
4	222017	101	251141	0
4	251534	66	264106	0
4	264299	118	287699	0
4	291582	161	328031	0
4	329133	12	332557	0
4	332733	132	359793	0
4	360220	476	484184	0
4	484429	245	561926	0
4	562716	94	583564	0
4	584237	226	631296	0
4	631794	82	656666	0
4	661542	12	664438	0
4	664737	654	834720	0
4	841000	85	855587	0
4	855763	204	922016	0
4	922571	36	933019	0
4	933319	275	1011753	0
4	1012387	78	1024632	0
4	1030368	132	1057601	0
4	1057818	150	1088958	0
4	1090358	597	1242924	0
4	1246762	999	1446589	0
4	1446979	12	1447979	0
4	1448100	336	1522960	0
5	7343	119	18839	0
5	23192	213	67809	0
5	68718	20	71422	0
5	71491	143	95430	0
5	95441	27	100467	0
5	101531	62	115452	0
5	118484	837	321279	0
5	321771	141	355867	0
5	356203	315	437636	0
5	438849	83	461594	0
5	462662	133	491960	0
5	492329	281	558717	0
5	559174	115	566643	0
6	14830	153	29440	0
6	29526	299	75069	0
6	75368	74	86707	0
6	87949	255	130480	0
6	131237	108	158271	0
6	162175	124	189336	0
6	191633	13	192646	0
6	193272	95	211545	0
6	211974	68	224275	0
6	224599	38	230273	0
6	231638	270	267016	0
7	1073	320	65356	0
7	66158	126	96189	0
7	96562	77	115361	0
7	115398	17	118820	0
7	118901	16	122191	0
7	122377	167	158562	0
7	161819	333	227427	0
7	227799	127	270608	0
7	273662	36	277478	0
7	278686	480	384244	0
7	385879	60	395182	0
7	395287	32	397692	0
7	397959	157	442010	0
7	442475	57	458878	0
7	459157	454	578445	0
7	578479	45	583266	1
7	583389	145	612075	0
7	612980	141	637963	-1
7	641544	258	702115	-1
7	704403	189	755345	-1
7	756009	501	868485	0
7	869660	195	904347	0
7	904491	16	906524	0
7	906630	589	1046941	0
7	1047531	100	1076590	0
8	12938	20	16485	0
8	16958	42	23375	0
8	23681	176	43405	0
8	43968	54	52566	0
8	56808	336	143543	0
8	147502	59	151206	0
8	151640	113	173412	0
8	173805	58	185064	0
8	190339	92	204879	0
8	206836	21	216600	0
8	218765	58	230930	0
8	232102	70	247932	0
8	248233	426	343487	0
8	344900	286	402503	0
8	402891	245	461338	0
8	463706	134	481410	0
8	481932	279	524485	0
8	524554	16	524875	0
8	524948	19	525230	0
9	26336	186	55431	0
9	57929	295	122985	0
9	123250	199	160514	-1
9	160585	58	176839	0
9	177173	141	212171	1
9	212822	55	227552	1
9	228423	18	232548	1
9	232796	106	253713	0
9	254316	94	265508	-1
9	265595	12	268791	1
9	273112	348	343775	0
9	344746	130	373728	0
9	374698	172	395522	0
9	396078	229	433284	0
10	21158	86	31686	0
10	31771	137	58860	1
10	59484	22	63189	0
10	63736	12	67836	1
10	69806	70	81028	0
10	81358	110	101966	0
10	102424	230	153468	0
10	154954	536	270752	0
10	272580	16	278337	0
10	279038	357	348206	0
10	351259	28	359445	0
10	359702	380	464438	0
10	465366	23	471093	0
10	484073	187	525388	0
10	525907	556	636245	0
10	636335	101	664541	0
10	664705	239	719589	0
10	720361	49	728049	0
11	2905	271	50112	0
11	50386	68	71211	0
11	72462	132	95185	0
11	95608	94	125293	0
11	125450	67	141507	0
11	141809	142	176422	0
11	177728	245	236483	0
11	237733	206	286298	0
11	286932	409	368658	0
11	370478	57	379888	0
11	382857	81	403063	0
11	404302	374	481138	0
11	482141	514	582622	0
11	584726	274	658012	0
12	15424	395	88820	0
12	89489	821	251232	0
12	254442	350	339733	0
12	342271	585	430362	0
12	430541	178	512095	0
12	513031	35	519688	0
12	524147	79	551535	0
12	554679	21	560821	0
12	561781	71	585365	0
12	586054	69	609052	0
12	610829	57	621936	0
12	622313	17	626891	0
12	628005	190	675263	0
12	675862	167	716763	0
12	721960	209	763640	0
12	764582	573	825145	0
12	826102	13	828697	0
12	828855	94	855639	0
12	855800	97	880574	0
12	880747	66	893453	0
12	894179	117	924245	0
12	925406	302	1009047	0
12	1012917	89	1030457	0
12	1030831	59	1052276	0
12	1052289	16	1055129	0
12	1055872	20	1058891	0
13	8402	121	41405	0
13	41627	132	64643	0
13	65033	88	79162	0
13	79364	275	142206	0
13	143886	49	159377	0
13	159772	249	218138	0
13	219785	24	227207	0
13	228146	27	235304	0
13	236410	209	306097	0
13	306761	539	411146	1
13	411958	19	415412	0
13	416104	365	502941	1
13	503125	41	511632	0
13	512151	54	520686	0
13	523046	63	537598	0
13	538143	167	571949	-1
13	572241	167	614990	-1
13	615226	643	762915	0
13	764227	78	777314	0
13	777554	13	779586	-1
13	781051	531	838178	0
13	840840	69	858414	0
13	859521	31	866477	1
13	867864	209	917560	0
14	16112	94	35280	0
14	35508	64	47964	0
14	50094	149	80329	0
14	81575	114	111448	0
14	112869	670	231593	0
14	232086	291	307944	0
14	308517	19	310678	0
14	310900	112	342049	0
14	342370	123	366310	0
14	367901	153	401090	0
14	402732	292	465704	0
14	466878	126	491452	0
14	491913	320	591189	0
14	592327	239	659398	0
14	660715	210	705111	0
14	705627	60	719281	0
14	721369	268	781274	0
15	33217	281	91370	0
15	91438	209	142364	0
15	143222	335	212020	0
15	212816	33	221900	0
15	222131	902	396098	0
15	397271	201	446616	0
15	447432	168	486141	0
15	486243	35	490456	0
15	490896	39	496422	0
15	497013	12	497542	0
15	497758	116	534200	0
15	536230	100	558487	0
15	559591	26	567018	0
15	568029	283	638526	0
15	638958	18	640992	0
15	641337	26	649249	0
15	649518	38	657129	0
15	657752	199	699602	0
15	700016	77	718752	0
15	720238	47	732393	0
15	732852	37	742716	0
15	744769	18	747546	0
15	747774	307	818263	0
15	818546	360	912908	0
15	913353	105	942309	0
15	945000	24	951059	0
15	951962	253	1006391	0
15	1006767	25	1010331	1
15	1010523	194	1053752	0
15	1053953	67	1063585	0
15	1063818	18	1064926	0
15	1064990	47	1071359	0
16	19898	62	39693	0
16	40325	111	67491	0
16	68036	45	77509	0
16	77707	245	131289	0
16	133367	130	169911	0
16	170076	620	320355	0
16	321502	241	368629	0
16	369570	366	458612	0
16	458912	30	465383	0
16	466327	50	477500	0
16	477910	100	500897	0
16	501437	176	543911	0
16	544071	533	674654	0
16	674774	101	694426	0
16	695202	199	748581	0
16	750666	229	814215	0
16	814795	104	834906	0
16	835188	71	869242	0
16	869863	162	895801	0
16	896575	166	927911	0