1	2718	253	70723	2
1	71008	434	169689	1
1	170321	91	182433	2
1	183815	6	183912	1
1	184378	74	194626	2
1	194781	11	195750	1
1	196113	60	203117	0
2	9710	506	126080	1
2	126272	179	163121	0
2	164792	51	174535	1
2	175109	5	175439	0
2	176261	972	391082	1
2	391457	13	395185	2
2	395928	345	479301	1
2	479516	39	487781	2
2	488579	20	492899	1
2	494193	443	560167	0
2	561052	381	648208	1
2	649183	12	651114	0
2	651861	22	654025	1
2	654112	67	663723	0
2	664174	33	669359	1
2	669610	199	703783	2
2	703874	278	764625	1
2	765124	158	801218	2
2	803202	3	804364	1
3	11436	141	41847	0
3	42410	95	61894	1
3	62032	1	62032	2
3	62415	1	62415	1
3	63228	1	63228	2
3	63379	5	64232	1
3	64511	12	65571	2
3	65589	12	67455	1
3	67554	20	71868	2
3	72214	126	99256	1
3	99291	1	99291	0
3	99380	3	99403	1
3	99709	383	198029	0
3	201147	39	207341	1
3	208480	4	208723	0
3	209464	95	229363	1
3	230134	4	230560	2
3	230636	192	256257	1
3	256779	27	263014	2
3	263835	269	303533	1
4	2406	2	2587	1
4	18422	117	36103	0
4	36578	327	97444	1
4	97564	41	105247	0
4	105623	7	105958	1
4	107438	6	108281	2
4	108371	36	116963	1
4	117306	61	134836	0
4	135397	44	144468	1
4	144733	17	148667	2
4	149839	619	296244	1
4	296284	2	296339	2
4	297889	884	525820	1
4	538613	94	554904	0
4	555362	18	560433	1
4	561239	147	591069	2
4	591909	108	615798	1
4	616141	1	616141	2
4	616510	348	699204	1
4	699549	1	699549	0
4	700023	476	834720	1
4	835164	2	835444	2
4	836051	108	858176	1
4	859506	7	860779	2
4	860927	60	893137	1
4	893888	2	894075	2
4	894696	153	930077	1
4	930421	112	955140	2
4	955230	715	1138235	1
4	1139804	324	1222653	0
4	1223418	226	1269015	1
4	1269345	6	1270457	0
4	1271410	190	1317846	1
4	1317904	1	1317904	2
4	1317986	1	1317986	1
4	1318331	22	1321143	2
4	1321506	11	1325344	1
4	1325953	391	1420566	0
4	1420714	4	1421023	1
4	1421140	14	1422450	0
4	1422480	10	1423089	1
4	1423374	569	1523009	0
5	7343	321	64724	1
5	65008	1	65008	0
5	65284	2	65944	1
5	65985	1	65985	0
5	66291	8	67571	1
5	67809	449	169796	0
5	170316	5	171603	1
5	171768	16	174469	0
5	175389	3	175434	1
5	175575	128	208758	0
5	209333	402	305933	1
5	305978	120	328773	2
5	329109	8	332410	1
5	333311	9	334460	2
5	334747	7	335461	1
5	335687	1	335687	2
5	336936	44	347565	0
5	347710	128	376496	1
5	376801	90	399993	2
5	401320	52	414096	1
5	414734	26	422789	0
5	423037	109	452483	1
5	454403	92	475295	0
5	475583	129	504773	1
5	504934	55	517944	2
5	518446	13	521557	1
5	521706	4	521881	2
5	522010	1	522010	1
5	522319	8	523179	2
5	524223	24	535145	1
5	535565	242	566643	2
6	14830	161	29993	0
6	30312	114	43988	1
6	44668	244	84768	2
6	85075	266	130480	1
6	131237	525	242028	2
6	242330	81	255645	1
6	256178	125	267016	0
7	1073	68	5209	0
7	8794	321	80096	2
7	80339	3	81196	1
7	81825	65	96767	0
7	96932	83	116412	1
7	116772	139	149673	0
7	150894	940	360106	1
7	360211	245	416298	0
7	417265	3	417322	1
7	417821	143	454212	0
7	454910	593	595357	1
7	595834	65	609760	2
7	609903	2	609958	1
7	610218	155	640849	2
7	641544	844	845287	1
7	845738	289	902661	2
7	903117	23	906305	1
7	906494	222	959852	2
7	959960	59	968395	1
7	968708	43	978531	0
7	982087	138	1010005	1
7	1010365	28	1017034	0
7	1017661	202	1076590	1
8	12938	55	21094	2
8	21580	35	26678	1
8	27293	52	31980	2
8	32089	144	50281	1
8	50660	105	70138	2
8	70273	141	115734	1
8	117141	1	117141	0
8	117412	47	126142	1
8	126701	63	141692	2
8	143214	205	177619	1
8	177778	178	211004	0
8	216311	97	237546	1
8	237624	45	247659	0
8	247777	20	252416	1
8	252779	320	329127	2
8	329277	780	483472	1
8	483502	38	490193	2
8	491037	73	503623	1
8	505764	41	513837	0
8	514453	141	525230	1
9	26336	206	62207	2
9	63470	165	95674	1
9	96372	24	98672	2
9	99043	287	159685	1
9	160393	5	160585	0
9	161384	184	203116	1
9	203531	160	248682	2
9	249247	1	249247	1
9	249383	1	249383	2
9	249466	192	282401	1
9	282901	41	289433	2
9	290653	44	300056	1
9	301483	2	301505	2
9	301594	348	373728	1
9	374542	328	424027	0
9	424322	16	425230	1
9	425491	61	433284	0
10	21158	445	101966	1
10	102424	83	121450	0
10	122256	5	123026	1
10	123151	107	147017	0
10	147445	2	147565	1
10	147855	398	241027	2
10	241123	20	243326	1
10	243941	151	270752	2
10	272069	299	329633	1
10	332595	12	334513	2
10	335070	118	362546	1
10	362886	371	466365	2
10	467559	7	468102	1
10	468847	16	472288	0
10	484073	427	580888	1
10	581745	343	640893	2
10	641241	85	668010	1
10	668216	84	688400	0
10	689967	166	723399	1
10	724020	7	724788	2
10	725596	20	728049	1
11	2905	560	122682	0
11	123365	17	127793	1
11	128515	1	128515	2
11	128761	1	128761	1
11	129031	293	204464	2
11	205160	261	262641	1
11	263151	346	338559	0
11	338984	154	367926	1
11	368313	140	403063	0
11	403558	469	498942	1
11	499168	5	499635	2
11	500449	176	527820	1
11	528213	33	536702	2
11	536945	164	574638	1
11	574927	92	594303	2
11	594807	232	664111	1
12	15424	480	105494	0
12	106133	128	125283	1
12	126061	257	179978	2
12	180421	399	259498	1
12	260086	156	297193	0
12	297495	13	301852	1
12	301930	68	319960	0
12	320469	304	386430	1
12	386522	377	433245	0
12	433606	5	435312	1
12	435723	95	494326	0
12	495311	66	512095	1
12	513031	16	515142	2
12	515468	89	547847	1
12	548591	3	548969	2
12	549170	1	549170	1
12	549369	5	549589	2
12	550084	15	554218	1
12	554679	7	555432	0
12	555912	74	582033	1
12	583102	17	586885	2
12	587932	29	600431	1
12	601825	361	684122	0
12	684641	333	763640	1
12	764314	126	789385	2
12	791731	564	856188	1
12	856603	11	859175	2
12	859288	1	859288	1
12	859785	182	901190	2
12	901473	60	919424	1
12	920406	104	953351	0
12	953629	49	963678	1
12	964396	14	967387	0
12	967945	85	987417	1
12	987999	141	1026243	0
12	1026504	120	1065293	1
13	8402	287	72996	1
13	73242	79	81708	0
13	82098	352	168948	1
13	169254	201	222095	2
13	222383	112	251941	1
13	252379	8	253845	0
13	254349	461	381369	1
13	381441	1	381441	2
13	381762	2	382044	1
13	383159	10	385015	2
13	385180	16	388308	1
13	388539	171	406237	2
13	406675	77	428041	1
13	430346	201	466863	2
13	468494	79	492833	1
13	492986	211	537228	2
13	537319	2	537442	1
13	537598	3	538839	2
13	539856	37	550984	1
13	552657	584	677238	0
13	677418	267	736949	1
13	737883	25	747998	0
13	748265	142	777314	1
13	777554	13	779586	0
13	780244	1	780244	1
13	780339	1	780339	0
13	781051	444	818546	1
13	819515	1	819515	0
13	820351	2	820411	1
13	820717	9	821686	2
13	822490	79	840840	1
13	841302	27	849036	2
13	849171	89	876945	1
13	877404	1	877404	2
13	877521	191	917560	1
14	16112	176	51986	1
14	52325	141	80329	2
14	81575	179	123919	1
14	124172	445	200066	0
14	200172	143	226629	1
14	228428	412	333784	0
14	335002	159	367901	1
14	368937	267	426877	2
14	427709	335	494926	1
14	495060	513	651680	0
14	651930	23	657220	1
14	657835	70	674483	2
14	674690	4	674958	1
14	675224	76	687495	2
14	687823	44	699152	1
14	700262	58	712550	0
14	712844	297	781274	1
15	33217	90	46774	0
15	47322	125	78105	1
15	79054	184	116385	2
15	116414	10	123885	1
15	124780	81	142364	2
15	143222	229	187293	1
15	187911	4	188862	2
15	188972	106	213885	1
15	214789	1	214789	2
15	215497	326	286097	1
15	286561	700	425274	0
15	427719	118	449205	1
15	449944	15	451996	0
15	452278	123	478915	1
15	480090	2	480180	0
15	481143	21	486509	1
15	487028	13	488543	2
15	488607	17	490456	1
15	490896	1	490896	0
15	491476	38	496422	1
15	496659	2	496778	2
15	496842	1	496842	1
15	497013	12	497542	2
15	497758	34	503360	1
15	504718	256	586345	0
15	586852	3	586907	1
15	587196	7	588171	0
15	588504	1	588504	1
15	588780	1	588780	0
15	588933	791	768001	1
15	768978	133	799553	0
15	799894	4	800724	1
15	801555	105	825258	0
15	826024	141	860391	1
15	860789	289	944698	0
15	945000	10	946069	1
15	946536	153	989863	0
15	990949	170	1018791	1
15	1019282	5	1019618	2
15	1019853	293	1071359	1
15	1072997	3	1076482	0
16	16416	1	16416	1
16	19898	86	46105	0
16	46871	67	56152	1
16	63705	7	63806	2
16	64149	98	86686	1
16	87430	220	134206	2
16	135194	89	159167	1
16	159487	49	171898	0
16	172579	314	245683	1
16	245843	499	361824	0
16	362178	254	425302	1
16	425377	118	452400	0
16	452569	7	453106	1
16	454868	280	518153	2
16	519072	179	567614	1
16	568709	7	569516	2
16	569711	164	605723	1
16	606730	380	694426	0
16	695202	2	695215	1
16	695351	20	698642	0
16	698973	1	698973	1
16	699154	259	770864	0
16	771861	96	794615	1
16	795092	11	797112	0
16	797420	1	797420	1
16	798282	4	798579	0
16	798879	1	798879	1
16	799228	181	860362	0
16	860653	2	860656	1
16	862247	353	925033	0
16	926851	2	927911	1