1	2718	260	72952	2
1	73478	50	82323	1
1	83452	4	83797	0
1	84896	3	85396	1
1	85658	225	128270	0
1	128697	14	131595	1
1	132426	288	192795	0
1	193131	3	193329	2
1	193737	82	203117	0
2	9710	142	47948	0
2	48506	588	172657	2
2	172681	439	292680	0
2	292797	269	340559	1
2	341287	88	356064	2
2	356546	89	371554	1
2	372688	118	399991	2
2	401176	337	477682	1
2	479301	49	489703	2
2	489897	4	491476	1
2	492001	4	492334	2
2	492887	559	580071	0
2	581322	188	624870	1
2	626629	80	648208	2
2	649183	10	650463	1
2	650970	484	738147	2
2	739091	155	771544	1
2	771678	1	771678	0
2	772004	62	788444	1
2	789113	56	801020	2
2	801218	1	801218	1
2	803202	3	804364	1
3	11436	118	37687	1
3	38619	26	43844	2
3	45058	3	45417	1
3	45495	2	45512	2
3	45638	278	102912	1
3	103168	8	104135	0
3	104931	138	129196	1
3	129603	102	161803	2
3	162890	47	173169	1
3	175096	59	187812	0
3	188564	61	208489	1
3	208672	10	210964	0
3	211204	4	211573	1
3	211713	6	213011	0
3	213324	14	216268	1
3	217053	20	220112	0
3	220275	2	220281	1
3	220314	35	227027	0
3	227839	40	236104	1
3	236513	13	237960	0
3	238260	15	241039	1
3	241753	122	253696	2
3	254181	16	257130	1
3	257205	20	262618	2
3	262798	3	263014	1
3	263835	1	263835	2
3	264642	1	264642	1
3	264930	267	303533	2
4	2406	2	2587	0
4	18422	150	42633	2
4	42848	4	46064	0
4	46322	99	65858	2
4	66401	1	66401	1
4	66855	238	105958	2
4	107438	11	109555	1
4	110209	812	306893	0
4	307572	61	320004	1
4	320452	369	400290	2
4	402193	255	478582	1
4	478942	160	524878	0
4	525820	1	525820	1
4	538613	181	576917	0
4	577940	84	592731	1
4	592897	97	615092	0
4	615247	7	616510	1
4	617714	3	618038	0
4	618626	29	624499	1
4	624648	15	629226	0
4	629515	9	629663	1
4	629850	12	631296	0
4	631794	1	631794	1
4	632064	6	633250	0
4	634191	2	634275	1
4	634866	254	697201	2
4	697693	274	769171	1
4	769373	1	769373	2
4	769848	6	770854	1
4	771858	547	931180	2
4	932298	103	953270	1
4	953474	686	1128135	0
4	1128699	11	1129573	2
4	1130157	348	1222653	0
4	1223418	153	1255345	2
4	1255417	1	1255417	1
4	1255457	151	1289490	2
4	1290044	4	1291009	1
4	1291207	15	1294582	2
4	1295438	20	1301384	1
4	1302363	35	1310168	0
4	1311566	128	1337309	1
4	1337856	938	1523009	0
5	7343	119	18839	0
5	19392	2	19395	1
5	23192	1228	309505	0
5	309616	132	335687	2
5	336936	486	460898	1
5	461582	2	461594	0
5	462662	2	462734	1
5	463255	227	515827	2
5	516553	300	566643	1
6	14830	1	14830	1
6	15115	160	29993	0
6	30312	287	74254	1
6	74753	15	76956	0
6	76992	92	92469	1
6	92623	24	95347	2
6	95601	43	99067	1
6	99231	1	99231	2
6	99555	272	162066	1
6	162175	5	162211	2
6	162769	185	200767	1
6	201607	57	213048	0
6	213243	39	221657	1
6	221706	6	221823	0
6	221849	329	267016	1
7	1073	68	5209	2
7	8794	45	18271	1
7	18426	1	18426	1
7	18596	35	23854	1
7	25606	223	74831	0
7	74942	29	83730	1
7	84425	15	86645	1
7	87051	154	122672	1
7	122853	535	234801	2
7	235472	35	247824	1
7	248010	8	250431	0
7	251742	18	254552	1
7	255756	1	255756	0
7	256952	31	270608	1
7	272568	121	288169	2
7	289991	200	335351	1
7	335583	273	395614	0
7	395677	1	395677	1
7	395734	1	395734	0
7	395803	200	447792	1
7	447888	1	447888	2
7	449091	9	451100	1
7	451694	1	451694	0
7	452589	5	454212	2
7	454910	653	608495	0
7	608522	11	611295	1
7	612075	1	612075	2
7	612980	62	622345	1
7	622465	3	623101	0
7	623404	32	629998	1
7	630335	529	766363	2
7	766579	415	855522	1
7	856672	2	856876	2
7	857500	130	884871	1
7	885547	539	1000204	0
7	1000439	92	1019970	1
7	1021557	86	1044308	2
7	1045013	105	1068826	1
7	1076541	3	1076590	2
8	12938	153	33089	1
8	33844	234	69126	2
8	69741	104	97715	1
8	98376	1	98376	0
8	98546	5	101927	1
8	102089	146	141692	2
8	143214	3	144241	0
8	145045	134	160870	1
8	161492	1	161492	2
8	161874	69	178061	1
8	178170	4	178173	1
8	178314	51	188805	1
8	188842	3	188873	1
8	189026	239	242318	1
8	243316	52	256537	0
8	256905	466	359945	2
8	359999	1	359999	0
8	360339	311	422798	2
8	423389	55	434957	1
8	435693	402	512291	0
8	512593	147	525230	1
9	26336	113	37170	1
9	39244	63	52713	2
9	53016	528	163440	1
9	165195	6	166463	2
9	166778	93	188680	1
9	188907	507	300056	2
9	301483	119	319721	0
9	321095	3	321251	2
9	321313	247	377342	0
9	377587	2	378204	1
9	378456	292	419141	0
9	421206	92	433284	1
10	21158	262	68967	1
10	69094	13	71156	0
10	71313	6	72040	1
10	72705	27	77583	0
10	78090	1	78090	1
10	78874	108	93553	0
10	94494	4	96041	1
10	96323	4	96432	0
10	96738	1	96738	1
10	96767	214	147017	0
10	147445	36	154954	1
10	155081	27	158223	2
10	158721	1	158721	1
10	158913	197	217327	2
10	218473	1	218473	0
10	218662	4	219452	2
10	219542	1	219542	0
10	219914	2	220333	2
10	220447	192	250565	0
10	251256	399	324405	1
10	324918	1	324918	1
10	325332	252	393066	1
10	393764	8	394810	2
10	395209	152	444535	1
10	444865	542	579695	0
10	580104	306	632414	2
10	632927	6	633794	1
10	634529	252	701586	2
10	702870	8	703802	1
10	704281	1	704281	2
10	705275	138	728049	1
11	2905	1045	244927	0
11	246807	2	246873	2
11	247889	1016	460022	0
11	460882	18	464549	1
11	465781	23	468565	0
11	469557	504	572874	1
11	573150	30	579788	2
11	580043	18	581851	0
11	581941	288	664111	2
12	15424	79	21019	2
12	21693	25	23846	1
12	23900	339	98459	0
12	99254	80	111778	1
12	111825	1	111825	1
12	111878	167	144233	1
12	145756	9	146588	2
12	146796	71	162577	1
12	163192	17	166909	2
12	168034	60	177752	1
12	178246	1	178246	2
12	178531	31	182314	1
12	182881	471	283463	0
12	284423	132	316649	1
12	316748	42	326213	2
12	327504	1	327504	1
12	328150	4	328528	0
12	329893	189	369554	1
12	369919	1	369919	0
12	370580	549	451216	1
12	490675	21	498570	1
12	499674	1	499674	0
12	499857	186	554218	1
12	554679	47	567365	0
12	567955	52	587932	2
12	588604	364	678530	0
12	678718	179	729050	1
12	730435	157	756805	0
12	757763	77	775811	1
12	776367	1	776367	2
12	776377	4	776424	1
12	778547	66	789385	0
12	791731	659	883503	1
12	883954	15	885303	0
12	885989	198	932140	1
12	933014	457	1058891	0
12	1065267	2	1065293	1
13	8402	497	110521	0
13	111860	211	167962	2
13	168034	402	284507	1
13	284713	2	286020	2
13	286754	58	305013	1
13	305171	6	306097	2
13	306761	348	387576	1
13	387784	657	514431	2
13	516057	90	537598	1
13	538143	252	591930	2
13	593277	254	647871	1
13	648405	53	660986	0
13	661195	14	663339	1
13	663441	19	667496	0
13	668207	1	668207	1
13	668902	109	696333	0
13	696745	96	712621	1
13	713045	115	744774	2
13	747860	45	758168	1
13	759149	855	903664	0
13	903771	102	917560	2
14	16112	317	80329	2
14	81575	526	174682	0
14	176374	87	197707	2
14	198207	58	208952	1
14	209095	96	226629	2
14	228428	378	323415	1
14	323606	524	440313	2
14	440595	1	440595	1
14	441038	210	482557	2
14	483985	405	603890	1
14	606080	3	606283	2
14	606892	105	635840	1
14	635960	103	662522	0
14	663070	245	713783	1
14	715430	283	781201	2
14	781274	1	781274	1
15	33217	215	78105	0
15	79054	338	156847	2
15	158074	1	158074	1
15	158239	9	159827	2
15	160403	284	220116	1
15	220591	2	220633	0
15	221114	5	221576	1
15	221841	1	221841	0
15	221858	324	290223	1
15	290597	788	447606	0
15	447858	368	534200	1
15	536230	98	557722	0
15	558128	2	558487	1
15	559591	14	562729	0
15	562947	295	638526	1
15	638958	32	645807	0
15	646578	12	649249	1
15	649518	146	677294	0
15	677733	212	730763	1
15	731576	43	743882	0
15	744522	23	747774	1
15	748029	416	840945	0
15	842069	5	842137	2
15	843305	3	843367	0
15	843686	56	859763	2
15	859862	9	861787	0
15	862116	10	865407	2
15	866653	3	867490	0
15	867663	269	942309	2
15	944698	499	1054069	0
15	1054305	133	1071359	2
15	1072997	2	1073023	1
15	1076482	1	1076482	1
16	16416	1	16416	1
16	19898	109	49416	1
16	50190	1	50190	0
16	50572	91	74140	1
16	74937	1	74937	2
16	75329	159	113385	1
16	114102	102	131289	2
16	131758	22	137442	1
16	138385	93	163759	2
16	166081	253	223697	1
16	224069	159	263938	2
16	264512	59	278394	1
16	278872	10	280430	2
16	280994	135	313008	1
16	313228	2	313236	0
16	313357	35	324345	1
16	324645	30	331617	1
16	331853	58	340435	1
16	341086	138	368305	2
16	368629	5	370453	1
16	370812	802	566096	2
16	567154	1	567154	1
16	567464	28	571735	1
16	571853	3	571918	1
16	572382	160	609594	1
16	610076	12	613103	0
16	613637	45	621160	1
16	621401	1	621401	2
16	621650	145	659868	1
16	660020	1	660020	0
16	660498	67	675945	1
16	676691	18	679712	0
16	680182	216	730551	1
16	731135	38	744098	0
16	744800	108	773283	1
16	774732	52	783796	0
16	785968	124	821710	2
16	822037	2	822057	1
16	822366	262	889429	2
16	889543	57	899499	0
16	899924	26	903146	1
16	903657	78	919524	0
16	919701	10	920779	1
16	920827	1	920827	2
16	921002	32	927911	1