1	2718	222	65590	2
1	66546	12	69009	1
1	69112	3	69289	2
1	69526	601	190169	1
1	190880	1	190880	0
1	191026	1	191026	1
1	191697	1	191697	2
1	191866	88	203117	1
2	9710	133	44098	1
2	45178	15	49031	0
2	50611	343	120867	1
2	121110	1	121110	2
2	121333	64	140383	1
2	140633	129	163121	2
2	164792	214	215181	1
2	215467	107	249997	2
2	250789	6	252161	1
2	254006	160	292922	2
2	292991	328	350775	1
2	351500	291	413321	0
2	414714	9	415997	1
2	416243	42	420411	0
2	420547	5	421692	1
2	422076	51	434210	0
2	435951	53	448230	1
2	448816	70	463842	0
2	464241	16	466560	1
2	467066	2	467353	0
2	468402	31	477682	1
2	479301	50	489897	2
2	491265	347	540238	1
2	540365	573	659388	0
2	660921	235	701800	1
2	702051	16	704109	2
2	704282	212	755424	1
2	755748	150	783892	2
2	785028	3	785586	1
2	786173	58	799214	2
2	799431	12	804364	1
3	11436	118	37687	0
3	38619	1	38619	2
3	38706	1	38706	1
3	38857	74	54364	2
3	54831	92	70862	1
3	71636	76	83644	2
3	91659	328	166262	1
3	166340	92	188564	0
3	188702	68	210642	1
3	210955	2	210964	0
3	211204	1	211204	1
3	211548	9	213011	2
3	213324	111	236104	1
3	236513	149	253212	2
3	253696	309	303533	1
4	2406	1165	271431	0
4	271629	3	272025	1
4	272060	1	272060	0
4	272298	188	313461	1
4	313574	3	313728	0
4	314269	6	316389	1
4	316640	34	322657	0
4	323612	879	561926	1
4	562716	212	608473	2
4	609890	4	610170	1
4	610352	75	625533	2
4	627578	105	655090	1
4	655473	63	674459	2
4	674668	518	809988	1
4	811177	336	908962	2
4	909656	84	926760	1
4	926842	4	927283	2
4	928279	188	973196	1
4	975623	91	1009761	0
4	1010349	183	1053051	1
4	1053166	125	1078606	0
4	1079059	159	1114859	1
4	1115651	162	1163806	0
4	1164350	1	1164350	1
4	1164361	466	1266824	0
4	1267153	1	1267153	1
4	1267248	1	1267248	0
4	1267414	314	1341573	1
4	1342353	1	1342353	0
4	1342594	37	1349885	1
4	1350211	273	1419138	2
4	1419672	602	1523009	0
5	7343	79	14904	1
5	14955	40	18839	0
5	19392	2	19395	1
5	23192	158	56171	0
5	56403	4	57131	1
5	57275	7	58346	0
5	58866	12	61970	1
5	62637	594	197574	0
5	198962	300	269858	1
5	269918	459	377067	0
5	378140	146	416321	1
5	417137	19	422511	0
5	422789	1	422789	1
5	423037	2	423069	0
5	423522	45	432043	1
5	432416	1	432416	0
5	433106	55	443311	1
5	449868	38	459829	0
5	460044	7	461594	2
5	462662	529	566643	0
6	14830	662	105469	0
6	105796	466	209430	1
6	210512	206	245286	0
6	245376	182	267016	1
7	1073	77	10456	0
7	10527	2	10569	1
7	12178	205	56682	0
7	57351	5	58440	1
7	58485	94	77052	0
7	78273	2	78645	1
7	79697	13	83118	0
7	83355	489	190288	1
7	190638	3	190846	0
7	191600	36	199131	1
7	199203	744	371244	0
7	371625	327	449133	1
7	449184	11	453324	0
7	453639	1	453639	1
7	454212	439	561189	0
7	561629	219	609044	1
7	609760	4	610218	0
7	611145	3	611295	1
7	612075	145	638620	0
7	639331	5	640411	1
7	640849	23	646051	0
7	646525	80	663278	1
7	664040	746	846464	2
7	846601	12	850043	1
7	850287	31	855522	0
7	856672	2	856876	1
7	857500	296	912560	0
7	913393	254	969826	1
7	970003	2	970143	0
7	970284	1	970284	1
7	970357	22	974457	0
7	974654	380	1076590	1
8	12938	124	30666	2
8	30987	29	33089	0
8	33844	156	55477	2
8	56808	1	56808	0
8	57272	246	120364	2
8	121030	5	121987	1
8	122674	58	138375	2
8	138502	18	140403	1
8	140755	6	141692	2
8	143214	8	145897	1
8	146758	259	189274	0
8	189521	1	189521	1
8	190339	139	220853	0
8	221510	58	233566	1
8	234595	195	281430	0
8	282666	159	319443	1
8	320071	1	320071	2
8	320379	47	329544	1
8	330081	553	447395	0
8	447718	258	489580	1
8	489712	83	506475	2
8	506768	46	516666	1
8	516782	131	525230	0
9	26336	173	51756	0
9	52260	8	53832	2
9	55071	5	55431	0
9	56514	119	83754	2
9	86070	408	166934	1
9	168175	473	274456	0
9	274783	239	319121	1
9	319556	105	343775	0
9	344746	142	375694	1
9	375934	128	389371	2
9	389433	122	409928	1
9	410111	9	411637	0
9	411868	134	433284	1
10	21158	259	68261	1
10	68438	1166	311865	0
10	312326	582	464438	1
10	465366	193	520853	2
10	522287	134	548018	1
10	548133	753	715639	2
10	716285	30	719589	1
10	720361	49	728049	2
11	2905	1020	236483	0
11	237733	141	267738	2
11	268320	9	270276	0
11	271504	522	379888	2
11	382857	20	387382	1
11	387796	14	390230	2
11	390357	10	391848	1
11	391941	1	391941	2
11	392315	1	392315	1
11	392586	23	399626	2
11	399800	4	400972	1
11	401778	27	408275	0
11	408523	1	408523	1
11	408846	503	507764	0
11	508136	49	515783	1
11	515989	23	518593	2
11	519020	1	519020	1
11	519160	13	520399	2
11	520625	14	522677	1
11	523472	49	532742	2
11	533844	257	590419	1
11	590742	77	618317	2
11	618540	100	634306	1
11	634635	65	664111	0
12	15424	209	48027	0
12	48721	394	121719	1
12	122858	1	122858	2
12	123453	1	123453	1
12	123974	2	123990	2
12	125283	9	127858	1
12	128659	515	236872	2
12	237608	3	237750	0
12	237951	139	261488	2
12	261578	1643	675263	0
12	675862	654	811178	2
12	811440	497	877838	0
12	877989	81	894513	2
12	895241	278	971164	0
12	971581	70	988464	2
12	988843	6	989852	0
12	990344	2	990766	2
12	991691	249	1058891	0
12	1065267	2	1065293	1
13	8402	35	19498	0
13	20392	481	117173	1
13	119087	1	119087	2
13	119447	37	130265	1
13	130814	216	178235	2
13	178570	11	179678	1
13	179886	6	180335	2
13	180773	5	181240	1
13	181329	519	334198	2
13	334573	204	385555	1
13	385945	185	406237	0
13	406675	7	409650	1
13	410079	571	541397	0
13	541429	1	541429	1
13	541726	8	543706	2
13	544292	1	544292	1
13	544385	2	544466	2
13	544988	2	545131	1
13	545786	231	591930	2
13	593277	3	593685	1
13	594000	13	599609	2
13	599844	1	599844	1
13	600288	333	671398	2
13	672472	334	752993	1
13	753954	96	771430	0
13	771808	3	772849	1
13	773268	476	816738	0
13	817541	127	849890	1
13	850515	65	864551	0
13	865424	212	917560	1
14	16112	169	50094	1
14	50710	193	90905	2
14	91563	56	109914	1
14	110232	13	111448	0
14	112869	12	115064	1
14	115793	505	201465	2
14	201732	12	202666	1
14	202874	235	254149	2
14	254281	28	259650	1
14	260234	291	338041	0
14	338476	500	444089	1
14	444709	351	532220	0
14	533039	1	533039	1
14	533180	2	533381	0
14	534077	234	603890	1
14	606080	148	644608	2
14	645334	12	649012	1
14	650114	10	651964	0
14	653001	168	685203	1
14	685968	1	685968	2
14	686916	1	686916	1
14	687495	11	690061	2
14	690677	39	700613	1
14	702035	1	702035	0
14	702404	349	781274	1
15	33217	58	41137	1
15	41378	96	66457	2
15	68200	95	85238	1
15	85688	249	144050	2
15	144479	39	154180	1
15	154898	106	170000	0
15	170112	98	195938	1
15	196238	9	196662	0
15	197170	79	213885	1
15	214789	8	216499	0
15	217333	2	217641	1
15	218172	1	218172	0
15	219124	3	219137	1
15	219822	325	288310	0
15	289218	35	293833	1
15	293942	10	294798	0
15	295163	1	295163	1
15	295566	857	467044	0
15	469262	10	471770	1
15	471872	6	472766	0
15	473696	49	487028	1
15	487406	1	487406	0
15	488123	195	530986	1
15	533850	389	633004	0
15	633825	108	657959	2
15	658022	429	756659	0
15	757882	384	846014	2
15	846635	20	849274	0
15	849415	1	849415	1
15	850123	320	942309	0
15	944698	632	1071359	2
15	1072997	2	1073023	0
15	1076482	1	1076482	1
16	16416	1	16416	2
16	19898	204	75461	0
16	75694	112	104443	1
16	105285	141	130145	0
16	130597	119	162788	1
16	163613	494	283277	0
16	283457	1	283457	1
16	283612	4	284115	0
16	284937	72	298907	1
16	299535	172	340435	2
16	341086	3	341206	1
16	342157	588	479515	2
16	479677	551	610828	1
16	612509	159	653426	0
16	653777	5	653882	1
16	653921	3	653932	0
16	653953	7	654661	1
16	654757	1	654757	0
16	654989	41	665361	1
16	666185	220	711691	0
16	712507	169	759209	1
16	759705	1	759705	2
16	760865	175	812845	1
16	813366	39	821582	2
16	821703	93	841238	1
16	841571	240	900736	2
16	900907	59	911554	1
16	911898	78	927911	0