1	2718	327	88212	0
1	88995	11	91362	0
1	92037	14	94414	0
1	94496	68	112184	0
1	112433	21	116457	0
1	117369	77	124972	0
1	125158	57	134587	0
1	135156	200	182433	0
1	184378	145	203117	0
2	9710	148	49031	0
2	50611	77	63891	0
2	65145	39	72594	0
2	73226	302	142186	0
2	142508	382	234280	0
2	237189	187	287110	0
2	287997	188	322187	0
2	325202	112	343418	0
2	343713	500	448230	0
2	448816	105	474402	0
2	475232	64	489897	0
2	494193	49	501897	0
2	502581	174	525363	0
2	526524	175	549839	0
2	550220	61	563275	0
2	564235	22	566766	0
2	566831	164	601647	0
2	602821	131	633444	0
2	633618	134	659388	0
2	660921	187	695575	0
2	696271	14	698735	0
2	698855	190	735363	0
2	736788	286	801218	0
3	11436	141	41847	0
3	42410	32	51494	0
3	51551	29	55223	0
3	55895	64	67080	0
3	67416	56	76198	0
3	76426	539	212724	0
3	213011	262	253696	0
3	254181	12	256257	0
3	256779	272	299675	0
3	300031	24	303533	0
4	18422	52	24643	0
4	25492	104	46608	0
4	49026	403	124321	0
4	125573	302	200337	0
4	201329	121	234211	0
4	235981	184	273899	0
4	274854	94	294697	0
4	295520	21	300487	0
4	300921	182	343499	0
4	345627	94	364251	0
4	364951	181	405482	0
4	408065	211	471701	0
4	473411	166	512511	0
4	512607	90	551155	0
4	551284	52	564428	0
4	564823	144	592269	0
4	592731	242	654167	0
4	656379	92	680023	0
4	680614	20	683860	0
4	684083	160	714270	0
4	714705	406	834242	0
4	835164	776	1051356	0
4	1051761	37	1056242	0
4	1056276	70	1070601	0
4	1072450	81	1087307	0
4	1087412	97	1113284	0
4	1113566	129	1149251	0
4	1152109	40	1163806	0
4	1164448	467	1267414	0
4	1267818	13	1270457	0
4	1272726	82	1293287	0
4	1293519	44	1306367	0
4	1307489	177	1343962	0
4	1345315	32	1351696	0
4	1353241	132	1393543	0
4	1393774	131	1418985	0
4	1419672	602	1523009	0
5	7343	119	18839	0
5	23192	26	26798	0
5	27116	1388	349284	0
5	349449	432	461594	0
5	462662	268	525834	0
5	527822	48	544734	0
5	547317	38	552107	0
5	553559	165	566643	0
6	14830	259	40338	0
6	41032	415	107800	0
6	108002	516	221864	0
6	224053	142	247084	0
6	247271	173	267016	0
7	1137	67	5209	0
7	8794	43	18008	0
7	18259	288	83355	0
7	83613	26	90592	0
7	91912	516	202665	0
7	203125	482	317265	0
7	318305	551	442475	0
7	442874	786	627934	0
7	629428	297	696230	0
7	700278	485	805722	0
7	806040	397	900619	0
7	901731	72	914816	0
7	914991	288	983358	0
7	986118	27	993308	0
7	993694	227	1046941	0
7	1047531	39	1059249	0
7	1060642	19	1064969	0
7	1065344	41	1076590	0
8	12938	133	31304	0
8	31482	23	34036	0
8	34233	374	115422	0
8	117141	24	120364	0
8	121030	17	124029	0
8	124904	67	141130	0
8	145255	188	173412	0
8	177112	154	204484	0
8	204657	17	208406	0
8	208748	201	259902	0
8	261641	58	276531	0
8	276657	11	278298	0
8	278404	221	329277	0
8	329544	227	376578	0
8	377294	12	379514	0
8	379789	214	419975	0
8	420093	11	421639	0
8	422218	156	461338	0
8	461509	249	501026	0
8	501349	20	503038	0
8	503623	17	509283	0
8	509758	166	525230	0
9	26336	173	51756	0
9	52260	148	88045	0
9	88821	12	90313	0
9	90521	467	187423	0
9	187858	57	199158	0
9	200415	320	270856	0
9	272218	82	288099	0
9	289119	18	293328	0
9	293533	784	433284	0
10	21158	215	57103	0
10	57356	51	69806	0
10	70030	187	104685	0
10	106996	116	131886	0
10	132867	17	136225	0
10	137516	128	161251	0
10	162223	227	227113	0
10	227560	331	288990	0
10	289744	351	359301	0
10	360976	14	366855	0
10	367390	173	411632	0
10	415231	505	545352	0
10	545654	95	570422	0
10	571276	28	577306	0
10	578723	567	699469	0
10	702870	147	728049	0
11	2905	130	24745	0
11	26749	42	37157	0
11	37308	398	127262	0
11	127589	251	193963	0
11	194991	46	204464	0
11	205160	34	212498	0
11	213442	12	214237	0
11	215029	27	221112	0
11	222010	428	310006	0
11	310828	314	379888	0
11	382857	87	405007	0
11	406946	292	463472	0
11	466619	312	522677	0
11	523472	261	581941	0
11	582019	11	583946	0
11	584726	276	664111	0
12	15424	561	113713	0
12	114118	192	158461	0
12	159242	14	161675	0
12	162127	257	210240	0
12	211678	215	255818	0
12	256011	56	266624	0
12	268836	64	286066	0
12	286225	724	414915	0
12	415898	353	543116	0
12	543914	197	607707	0
12	609052	173	649310	0
12	649777	58	663342	0
12	669276	360	746867	0
12	747171	57	761814	0
12	762938	254	809330	0
12	809789	339	828978	0
12	829513	114	860211	0
12	861431	58	876507	0
12	876756	92	895997	0
12	896568	431	1016012	0
12	1016099	171	1065293	0
13	8402	166	50532	0
13	50646	168	78246	0
13	78413	495	195045	0
13	195462	172	242904	0
13	243084	13	246508	0
13	255052	371	355643	0
13	356625	92	382044	0
13	383159	19	386920	0
13	387174	16	389046	0
13	390765	252	434958	0
13	436121	336	511953	0
13	512151	55	521251	0
13	524617	212	569738	0
13	570835	138	606066	0
13	606837	177	636317	0
13	638780	255	701024	0
13	701348	169	738331	0
13	742124	209	789225	0
13	791709	406	819515	0
13	820351	240	886291	0
13	889102	153	917560	0
14	16112	893	190540	0
14	191177	494	307073	0
14	307285	535	426877	0
14	427709	12	429408	0
14	429495	232	476219	0
14	478042	109	500187	0
14	503608	97	540589	0
14	541892	81	573939	0
14	574160	254	641607	0
14	643797	68	661117	0
14	663970	17	667485	0
14	668185	225	713783	0
14	721369	266	781113	0
15	35071	57	41470	0
15	41876	79	61901	0
15	62300	29	70447	0
15	70932	155	101077	0
15	101318	33	105429	0
15	108214	121	140493	0
15	141631	12	144050	0
15	144479	236	194198	0
15	195064	17	197170	0
15	198279	85	216075	0
15	221841	96	243831	0
15	243874	99	263193	0
15	265043	15	269276	0
15	269696	66	283276	0
15	283690	20	286561	0
15	288307	1066	499294	0
15	499626	20	502562	0
15	503360	213	569110	0
15	569787	862	772232	0
15	772708	275	835187	0
15	835656	11	837673	0
15	838159	381	946069	0
15	947625	134	985891	0
15	986501	17	989863	0
15	990949	88	1002944	0
15	1003101	11	1004149	0
15	1004303	369	1071359	0
16	19898	85	45974	0
16	47999	57	55774	0
16	55837	16	64208	0
16	64673	13	68341	0
16	68965	291	132500	0
16	133367	21	139583	0
16	140565	199	191940	0
16	192347	114	215378	0
16	215619	13	216822	0
16	217425	245	280430	0
16	280994	91	300524	0
16	301071	214	348697	0
16	349888	50	358161	0
16	358747	442	466327	0
16	466824	110	492006	0
16	493377	151	526767	0
16	529339	139	566096	0
16	568709	27	571853	0
16	572382	239	626230	0
16	626641	54	642612	0
16	644963	255	700311	0
16	702124	254	770864	0
16	771861	294	860362	0
16	862247	133	886734	0
16	887502	182	919842	0
16	921490	26	925033	0